/*--------------------------------*- C++ -*----------------------------------*\
| =========                 |                                                 |
| \\      /  F ield         | OpenFOAM: The Open Source CFD Toolbox           |
|  \\    /   O peration     | Version:  v1912                                 |
|   \\  /    A nd           | Website:  www.openfoam.com                      |
|    \\/     M anipulation  |                                                 |
\*---------------------------------------------------------------------------*/
FoamFile
{
    version     2.0;
    format      ascii;
    class       faceSet;
    location    "constant/polyMesh/sets";
    object      bottom_patch;
}
// * * * * * * * * * * * * * * * * * * * * * * * * * * * * * * * * * * * * * //


9880
(
2106915
2106916
2106917
2106920
2106933
2106934
2106935
2106936
2106937
2106938
2106939
2106940
2106941
2106942
2106943
2106944
2106945
2106946
2106947
2106948
2106968
2106969
2106972
2106973
2106974
2106975
2106976
2106977
2106978
2106979
2106980
2106981
2106982
2106983
2106984
2106985
2106986
2106987
2106988
2106989
2106994
2106995
2106996
2106997
2106998
2106999
2107000
2107001
2107002
2107003
2107004
2107005
2107006
2107007
2107008
2107009
2107010
2107011
2107012
2107013
2107018
2107019
2107020
2107021
2107022
2107023
2107024
2107025
2107026
2107027
2107028
2107029
2107030
2107031
2107032
2107033
2107055
2107056
2107057
2107060
2107075
2107076
2107077
2107078
2107079
2107080
2107081
2107082
2107083
2107114
2107115
2107116
2107117
2107118
2107119
2107120
2107121
2107122
2107123
2107124
2107125
2107126
2107127
2107128
2107129
2107130
2107131
2107132
2107133
2107134
2107135
2107136
2107137
2107138
2107139
2107140
2107141
2107142
2107143
2107144
2107145
2107146
2107147
2107148
2107149
2107150
2107151
2107152
2107153
2107154
2107155
2107156
2107157
2107158
2107159
2107160
2107161
2107162
2107163
2107164
2107165
2107166
2107167
2107168
2107169
2107170
2107171
2107172
2107173
2107174
2107175
2107176
2107177
2107178
2107179
2107180
2107181
2107182
2107183
2107184
2107185
2107186
2107187
2107188
2107189
2107190
2107191
2107192
2107193
2107194
2107195
2107196
2107197
2107198
2107199
2107200
2107201
2107202
2107203
2107204
2107205
2107206
2107207
2107208
2107209
2107210
2107211
2107212
2107213
2107214
2107215
2107216
2107217
2107218
2107219
2107220
2107221
2107222
2107223
2107224
2107225
2107226
2107227
2107228
2107229
2107230
2107231
2107232
2107233
2107234
2107235
2107236
2107237
2107238
2107239
2107240
2107241
2107242
2107243
2107244
2107245
2107246
2107247
2107248
2107249
2107250
2107251
2107252
2107253
2107254
2107255
2107256
2107257
2107258
2107259
2107260
2107261
2107262
2107263
2107264
2107265
2107266
2107300
2107301
2107302
2107303
2107317
2107318
2107319
2107320
2107321
2107322
2107323
2107324
2107325
2107326
2107327
2107328
2107329
2107330
2107331
2107332
2107333
2107334
2107335
2107336
2107337
2107338
2107339
2107340
2107341
2107342
2107343
2107344
2107345
2107346
2107347
2107348
2107349
2107350
2107351
2107352
2107353
2107354
2107355
2107356
2107357
2107358
2107359
2107360
2107361
2107362
2107363
2107364
2107365
2107366
2107367
2107368
2107369
2107370
2107371
2107372
2107373
2107374
2107375
2107376
2107377
2107378
2107379
2107380
2107381
2107382
2107383
2107384
2107385
2107386
2107387
2107388
2107389
2107390
2107391
2107392
2107393
2107394
2107395
2107396
2107397
2107398
2107399
2107400
2107401
2107402
2107403
2107404
2107405
2107406
2107407
2107408
2107409
2107410
2107411
2107412
2107413
2107414
2107415
2107416
2107417
2107418
2107419
2107420
2107421
2107422
2107423
2107424
2107425
2107426
2107427
2107428
2107429
2107430
2107431
2107432
2107433
2107434
2107435
2107436
2107437
2107438
2107439
2107440
2107441
2107442
2107443
2107444
2107445
2107446
2107447
2107448
2107449
2107450
2107451
2107452
2107453
2107454
2107455
2107456
2107457
2107458
2107459
2107460
2107461
2107462
2107463
2107464
2107465
2107466
2107467
2107468
2107469
2107470
2107471
2107472
2107473
2107474
2107475
2107476
2107477
2107478
2107479
2107480
2107481
2107482
2107483
2107484
2107485
2107486
2107487
2107488
2107489
2107490
2107491
2107492
2107493
2107494
2107495
2107496
2107497
2107498
2107499
2107500
2107501
2107502
2107503
2107504
2107505
2107506
2107507
2107508
2107510
2107511
2107512
2107513
2107533
2107534
2107535
2107536
2107537
2107538
2107539
2107540
2107542
2107543
2107544
2107545
2107546
2107547
2107548
2107549
2107569
2107570
2107571
2107572
2107573
2107574
2107575
2107576
2107577
2107578
2107579
2107580
2107581
2107582
2107583
2107584
2107585
2107586
2107587
2107588
2107589
2107590
2107591
2107592
2107593
2107594
2107595
2107596
2107597
2107598
2107599
2107600
2107601
2107602
2107603
2107604
2107605
2107606
2107607
2107608
2107609
2107610
2107611
2107612
2107613
2107614
2107615
2107616
2107617
2107618
2107619
2107620
2107621
2107622
2107623
2107624
2107625
2107626
2107627
2107628
2107629
2107630
2107631
2107632
2107633
2107634
2107635
2107636
2107637
2107638
2107639
2107640
2107641
2107642
2107643
2107644
2107645
2107646
2107647
2107648
2107649
2107650
2107651
2107652
2107653
2107654
2107655
2107656
2107657
2107658
2107659
2107660
2107661
2107662
2107663
2107664
2107665
2107666
2107667
2107668
2107669
2107670
2107671
2107672
2107673
2107674
2107675
2107676
2107677
2107678
2107679
2107680
2107681
2107682
2107683
2107684
2107685
2107686
2107687
2107688
2107689
2107690
2107691
2107692
2107693
2107694
2107695
2107696
2107697
2107698
2107699
2107700
2107701
2107702
2107703
2107704
2107705
2107706
2107707
2107708
2107709
2107710
2107711
2107712
2107713
2107714
2107715
2107716
2107717
2107718
2107719
2107720
2107721
2107722
2107723
2107724
2107725
2107726
2107727
2107728
2107729
2107730
2107731
2107732
2107733
2107734
2107735
2107736
2107737
2107738
2107739
2107740
2107741
2107742
2107743
2107744
2107745
2107746
2107747
2107748
2107749
2107750
2107751
2107752
2107753
2107754
2107755
2107756
2107757
2107758
2107759
2107760
2107761
2107762
2107763
2107764
2107765
2107766
2107767
2107768
2107789
2107790
2107791
2107792
2107793
2107794
2107795
2107796
2107797
2107798
2107801
2107802
2107803
2107804
2107805
2107806
2107807
2107808
2107809
2107810
2107815
2107816
2107817
2107818
2107819
2107820
2107821
2107822
2107823
2107824
2107825
2107826
2107827
2107828
2107829
2107830
2107831
2107832
2107833
2107834
2107835
2107836
2107837
2107838
2107839
2107840
2107841
2107842
2107843
2107844
2107845
2107846
2107847
2107848
2107849
2107850
2107851
2107852
2107853
2107854
2107855
2107856
2107857
2107858
2107859
2107860
2107861
2107862
2107863
2107864
2107865
2107866
2107867
2107868
2107869
2107870
2107871
2107872
2107873
2107874
2107875
2107876
2107877
2107878
2107879
2107880
2107881
2107882
2107883
2107884
2107885
2107886
2107887
2107888
2107889
2107890
2107891
2107892
2107893
2107894
2107895
2107896
2107897
2107898
2107899
2107900
2107901
2107902
2107903
2107904
2107905
2107906
2107907
2107908
2107909
2107910
2107911
2107912
2107913
2107914
2107915
2107916
2107917
2107918
2107919
2107920
2107921
2107922
2107923
2107924
2107925
2107926
2107927
2107928
2107929
2107930
2107931
2107932
2107933
2107934
2107935
2107936
2107937
2107938
2107939
2107940
2107941
2107942
2107943
2107944
2107945
2107946
2107947
2107948
2107949
2107950
2107951
2107952
2107953
2107954
2107955
2107956
2107957
2107958
2107959
2107960
2107961
2107962
2107963
2107964
2107965
2107966
2107967
2107968
2107969
2107970
2107971
2107972
2107973
2107974
2107975
2107976
2107977
2107978
2107979
2107980
2107981
2107982
2107983
2107984
2107985
2107986
2107987
2107988
2107989
2107990
2107991
2107992
2107993
2107994
2107995
2107996
2107997
2107998
2107999
2108000
2108001
2108002
2108003
2108004
2108005
2108006
2108007
2108008
2108009
2108010
2108011
2108012
2108013
2108014
2108015
2108016
2108017
2108018
2108019
2108020
2108023
2108024
2108043
2108044
2108045
2108046
2108047
2108048
2108049
2108050
2108051
2108052
2108053
2108054
2108055
2108056
2108057
2108058
2108059
2108060
2108061
2108062
2108067
2108068
2108069
2108070
2108071
2108072
2108073
2108074
2108075
2108076
2108077
2108078
2108079
2108080
2108081
2108082
2108083
2108084
2108085
2108086
2108087
2108088
2108089
2108090
2108091
2108092
2108093
2108094
2108095
2108096
2108097
2108098
2108099
2108100
2108101
2108102
2108103
2108104
2108105
2108106
2108107
2108108
2108109
2108110
2108111
2108112
2108113
2108114
2108115
2108116
2108117
2108118
2108119
2108120
2108121
2108122
2108123
2108124
2108125
2108126
2108127
2108128
2108129
2108130
2108131
2108132
2108133
2108134
2108135
2108136
2108137
2108138
2108139
2108140
2108141
2108142
2108143
2108144
2108145
2108146
2108147
2108148
2108149
2108150
2108151
2108152
2108153
2108154
2108155
2108156
2108157
2108158
2108159
2108160
2108161
2108162
2108163
2108164
2108165
2108166
2108167
2108168
2108169
2108170
2108171
2108172
2108173
2108174
2108175
2108176
2108177
2108178
2108179
2108180
2108181
2108182
2108183
2108184
2108185
2108186
2108187
2108188
2108189
2108190
2108191
2108192
2108193
2108194
2108195
2108196
2108197
2108198
2108199
2108200
2108201
2108202
2108203
2108204
2108205
2108206
2108207
2108208
2108209
2108210
2108211
2108212
2108213
2108214
2108215
2108216
2108217
2108218
2108219
2108220
2108221
2108222
2108223
2108224
2108225
2108226
2108227
2108228
2108229
2108230
2108231
2108232
2108233
2108234
2108235
2108236
2108237
2108238
2108239
2108240
2108241
2108242
2108243
2108244
2108245
2108246
2108247
2108248
2108249
2108250
2108251
2108252
2108253
2108254
2108255
2108256
2108257
2108258
2108259
2108260
2108262
2108263
2108265
2108266
2108267
2108268
2108269
2108270
2108271
2108272
2108273
2108274
2108275
2108276
2108295
2108296
2108297
2108298
2108299
2108300
2108301
2108302
2108303
2108304
2108305
2108306
2108307
2108308
2108309
2108310
2108332
2108333
2108334
2108335
2108336
2108337
2108338
2108339
2108340
2108341
2108342
2108343
2108344
2108345
2108346
2108347
2108348
2108349
2108350
2108351
2108352
2108353
2108354
2108355
2108356
2108357
2108358
2108359
2108360
2108361
2108362
2108363
2108364
2108365
2108366
2108367
2108368
2108369
2108370
2108371
2108372
2108373
2108374
2108375
2108376
2108377
2108378
2108379
2108380
2108381
2108382
2108383
2108384
2108385
2108386
2108387
2108388
2108389
2108390
2108391
2108392
2108393
2108394
2108395
2108396
2108397
2108398
2108399
2108400
2108401
2108402
2108403
2108404
2108405
2108406
2108407
2108408
2108409
2108410
2108411
2108412
2108413
2108414
2108415
2108416
2108417
2108418
2108419
2108420
2108421
2108422
2108423
2108424
2108425
2108426
2108427
2108428
2108429
2108430
2108431
2108432
2108433
2108434
2108435
2108436
2108437
2108438
2108439
2108440
2108441
2108442
2108443
2108444
2108445
2108446
2108447
2108448
2108449
2108450
2108451
2108452
2108453
2108454
2108455
2108456
2108457
2108458
2108459
2108460
2108461
2108462
2108463
2108464
2108465
2108466
2108467
2108468
2108469
2108470
2108471
2108472
2108473
2108474
2108475
2108476
2108477
2108478
2108479
2108480
2108481
2108482
2108483
2108484
2108485
2108486
2108487
2108488
2108489
2108490
2108491
2108492
2108493
2108494
2108495
2108496
2108497
2108498
2108499
2108500
2108501
2108502
2108503
2108504
2108505
2108506
2108507
2108508
2108509
2108510
2108511
2108512
2108513
2108514
2108515
2108516
2108517
2108518
2108519
2108520
2108521
2108522
2108523
2108525
2108526
2108527
2108528
2108529
2108530
2108531
2108532
2108554
2108555
2108556
2108559
2108574
2108575
2108576
2108577
2108578
2108579
2108580
2108581
2108582
2108583
2108584
2108585
2108586
2108587
2108588
2108589
2108590
2108591
2108592
2108593
2108594
2108595
2108596
2108597
2108598
2108599
2108600
2108601
2108602
2108603
2108604
2108605
2108606
2108607
2108608
2108609
2108610
2108611
2108612
2108613
2108614
2108615
2108616
2108617
2108618
2108619
2108620
2108621
2108622
2108623
2108624
2108625
2108626
2108627
2108628
2108629
2108630
2108631
2108632
2108633
2108634
2108635
2108636
2108637
2108638
2108639
2108640
2108641
2108642
2108643
2108644
2108645
2108646
2108647
2108648
2108649
2108650
2108651
2108652
2108653
2108654
2108655
2108656
2108657
2108658
2108659
2108660
2108661
2108662
2108663
2108664
2108665
2108666
2108667
2108668
2108669
2108670
2108671
2108672
2108673
2108674
2108675
2108676
2108677
2108678
2108679
2108680
2108681
2108682
2108683
2108684
2108685
2108686
2108687
2108688
2108689
2108690
2108691
2108692
2108693
2108694
2108695
2108696
2108697
2108698
2108699
2108700
2108701
2108702
2108703
2108704
2108705
2108706
2108707
2108708
2108709
2108710
2108711
2108712
2108713
2108714
2108715
2108716
2108717
2108718
2108719
2108720
2108721
2108722
2108723
2108724
2108725
2108726
2108727
2108728
2108729
2108730
2108731
2108732
2108733
2108734
2108735
2108736
2108737
2108738
2108739
2108740
2108741
2108742
2108743
2108744
2108745
2108746
2108747
2108748
2108749
2108750
2108751
2108752
2108753
2108754
2108755
2108756
2108757
2108758
2108759
2108760
2108761
2108762
2108763
2108764
2108765
2108787
2108788
2108789
2108790
2108791
2108792
2108793
2108794
2108795
2108829
2108830
2108831
2108832
2108833
2108834
2108835
2108836
2108837
2108838
2108839
2108840
2108841
2108842
2108843
2108844
2108845
2108846
2108847
2108848
2108849
2108850
2108851
2108852
2108854
2108855
2108856
2108857
2108858
2108859
2108860
2108861
2108862
2108863
2108864
2108865
2108866
2108867
2108868
2108869
2108870
2108871
2108872
2108873
2108874
2108875
2108876
2108877
2108878
2108879
2108880
2108881
2108882
2108883
2108884
2108885
2108886
2108887
2108888
2108889
2108890
2108891
2108892
2108893
2108894
2108895
2108896
2108897
2108898
2108899
2108900
2108901
2108902
2108903
2108904
2108905
2108906
2108907
2108908
2108909
2108910
2108911
2108912
2108913
2108914
2108915
2108916
2108917
2108918
2108919
2108920
2108921
2108922
2108923
2108924
2108925
2108926
2108927
2108928
2108929
2108930
2108931
2108932
2108933
2108934
2108935
2108936
2108937
2108938
2108939
2108940
2108941
2108942
2108943
2108944
2108945
2108946
2108947
2108948
2108949
2108950
2108951
2108952
2108953
2108954
2108955
2108956
2108957
2108958
2108959
2108960
2108961
2108962
2108963
2108964
2108965
2108966
2108967
2108968
2108969
2108970
2108971
2108972
2108973
2109011
2109012
2109013
2109014
2109034
2109035
2109036
2109037
2109038
2109039
2109040
2109041
2109062
2109063
2109064
2109065
2109066
2109067
2109068
2109069
2109070
2109071
2109072
2109073
2109074
2109075
2109077
2109078
2109098
2109099
2109100
2109101
2109102
2109103
2109104
2109105
2109106
2109107
2109109
2109110
2109112
2109113
2109114
2109115
2109134
2109135
2109136
2109137
2109138
2109139
2109140
2109141
2178060
2178061
2178062
2178063
2178066
2178067
2178068
2178069
2178070
2178072
2178073
2178074
2178075
2178079
2178081
2178082
2178083
2178084
2178085
2178086
2178087
2178091
2178092
2178093
2178094
2178095
2178096
2178097
2178098
2178103
2178104
2178105
2178106
2178107
2178108
2178109
2178110
2178111
2178114
2178115
2178116
2178117
2178118
2178120
2178121
2178122
2178123
2178127
2178129
2178130
2178131
2178132
2178133
2178134
2178138
2178139
2178140
2178141
2178142
2178143
2178144
2178145
2178150
2178151
2178152
2178153
2178166
2178167
2178168
2178169
2178177
2178178
2178179
2178181
2178182
2178183
2178184
2178188
2178189
2178190
2178191
2178192
2178195
2178196
2178203
2178204
2178205
2178206
2178207
2178208
2178212
2178213
2178214
2178215
2178216
2178217
2178218
2178219
2178224
2178225
2178229
2178230
2178231
2178232
2178233
2178234
2178235
2178236
2178241
2178242
2178243
2178244
2178245
2178246
2178247
2178251
2178252
2178253
2178254
2178255
2178256
2178257
2178260
2178263
2178264
2178265
2178266
2178267
2178268
2178269
2178270
2178271
2178272
2178273
2178274
2178275
2178290
2178291
2178292
2178294
2178295
2178296
2178297
2178301
2178302
2178303
2178304
2178305
2178308
2178309
2178310
2178311
2178312
2178314
2178315
2178316
2178317
2178321
2178322
2178323
2178324
2178325
2178328
2178329
2178330
2178331
2178332
2178334
2178335
2178336
2178337
2178341
2178342
2178343
2178346
2178347
2178348
2178349
2178363
2178364
2178365
2178366
2178367
2178368
2178369
2178370
2178371
2178372
2178373
2178374
2178375
2178376
2178377
2178378
2178382
2178383
2178384
2178385
2178386
2178387
2178388
2178391
2178394
2178395
2178396
2178397
2178398
2178399
2178400
2178401
2178402
2178403
2178404
2178405
2178409
2178410
2178411
2178412
2178413
2178414
2178415
2178416
2178421
2178422
2178426
2178427
2178428
2178429
2178430
2178431
2178432
2178433
2178438
2178439
2178440
2178441
2178449
2178450
2178451
2178452
2178455
2178456
2178457
2178458
2178459
2178461
2178462
2178463
2178464
2178468
2178469
2178470
2178471
2178473
2178474
2178475
2178476
2178480
2178481
2178482
2178485
2178486
2178487
2178488
2178956
2178957
2178958
2178959
2178960
2178961
2178962
2178963
2178964
2178965
2178966
2178968
2178969
2178970
2178971
2178972
2178973
2178975
2178976
2178977
2178978
2178979
2178980
2178981
2178982
2178983
2178984
2178985
2178986
2178987
2178988
2178989
2178990
2178991
2178992
2178993
2178994
2178995
2178996
2178997
2178998
2178999
2179000
2179001
2179002
2179003
2179004
2179006
2179007
2179008
2179009
2179010
2179011
2179013
2179014
2179015
2179016
2179017
2179018
2179019
2179020
2179021
2179022
2179023
2179024
2179025
2179026
2179031
2179032
2179034
2179035
2179036
2179037
2179038
2179040
2179041
2179042
2179043
2179048
2179049
2179051
2179052
2179053
2179054
2179055
2179057
2179058
2179115
2179116
2179121
2179122
2179124
2179125
2179126
2179127
2179128
2179130
2179131
2179150
2179151
2179152
2179153
2179154
2179155
2179166
2179168
2179169
2179170
2179171
2179172
2179173
2179175
2179176
2179177
2179178
2179179
2179180
2179181
2179182
2179183
2179184
2179185
2179186
2179187
2179188
2179189
2179200
2179201
2179206
2179207
2179209
2179210
2179211
2179212
2179213
2179215
2179216
2179235
2179236
2179237
2179238
2179239
2179240
2179245
2179246
2179248
2179249
2179250
2179251
2179252
2179254
2179255
2179274
2179275
2179276
2179277
2179278
2179279
2179284
2179285
2179287
2179288
2179289
2179290
2179291
2179293
2179294
2179313
2179314
2179315
2179316
2179317
2179328
2179329
2179330
2179331
2179342
2179344
2179345
2179346
2179347
2179348
2179349
2179351
2179352
2179353
2179354
2179355
2179356
2179357
2179358
2179359
2179360
2179361
2179362
2179363
2179364
2179365
2179366
2179368
2179369
2179370
2179371
2179372
2179373
2179375
2179376
2179377
2179378
2179379
2179380
2179381
2179382
2179383
2179384
2179385
2179386
2179387
2179388
2179389
2179390
2179392
2179393
2179394
2179395
2179396
2179397
2179399
2179400
2179401
2179402
2179403
2179404
2179405
2179406
2179407
2179408
2179409
2179410
2179411
2179412
2179413
2179424
2179425
2179426
2179427
2179428
2179429
2179440
2179441
2179446
2179447
2179449
2179450
2179451
2179452
2179453
2179455
2179456
2179475
2179476
2179477
2179478
2179479
2179480
2179481
2179482
2179501
2179502
2179503
2179504
2179505
2179506
2179507
2179508
2179509
2179510
2179515
2179516
2179518
2179519
2179520
2179521
2179522
2179524
2179525
2179544
2179545
2179546
2179547
2179548
2179549
2179550
2179561
2179562
2179563
2179564
2179565
2179566
2179567
2179568
2179569
2179570
2179571
2179573
2179574
2179575
2179576
2179577
2179578
2179580
2179581
2179582
2179583
2179584
2179585
2179587
2179588
2179589
2179590
2179591
2179592
2179594
2179595
2179596
2179597
2179598
2179599
2179600
2179601
2179602
2179603
2179604
2179605
2179606
2179607
2179608
2179609
2179610
2179611
2179612
2179613
2179614
2180217
2180218
2180219
2180220
2180221
2180222
2180223
2180224
2180225
2180226
2180227
2180228
2180255
2180256
2180257
2180258
2180265
2180266
2180267
2180268
2180269
2180270
2180271
2180272
2180293
2180294
2180295
2180296
2180317
2180318
2180319
2180320
2180333
2180334
2180335
2180336
2180337
2180338
2180339
2180340
2180341
2180342
2180343
2180344
2180391
2180392
2180393
2180394
2180521
2180526
2180528
2180529
2180534
2180535
2180536
2180537
2180539
2180540
2180545
2180547
2180548
2180553
2180554
2180555
2180557
2180562
2180563
2180564
2180566
2180567
2180571
2180573
2180574
2180576
2180577
2180579
2180584
2180585
2180586
2180591
2180592
2180593
2180594
2180598
2180600
2180601
2180602
2180606
2180608
2180609
2180610
2180615
2180617
2180618
2180620
2180625
2180626
2180627
2180629
2180630
2180631
2180636
2180637
2180638
2180639
2180643
2180645
2180646
2180647
2180652
2180654
2180655
2180657
2180662
2180663
2180664
2180809
2180810
2180811
2180812
2180813
2180814
2180815
2180816
2180817
2180818
2180819
2180820
2180821
2180822
2180823
2180828
2180829
2180830
2180831
2180836
2180837
2180838
2180839
2180840
2180841
2180842
2180843
2180844
2180845
2180846
2180847
2180848
2180849
2180850
2180851
2180852
2180854
2180855
2180856
2180857
2180858
2180859
2180860
2180861
2180862
2180863
2180864
2180865
2180866
2180871
2180872
2180873
2180874
2180879
2180880
2180881
2180882
2180883
2180884
2180885
2180887
2180888
2180889
2180890
2180891
2180892
2180893
2180894
2180925
2180926
2180927
2180929
2180930
2180931
2180932
2180933
2180934
2180935
2180936
2180944
2180945
2180946
2180947
2180948
2180949
2180950
2180951
2180952
2180953
2180957
2180958
2180959
2180961
2180962
2180963
2180964
2180965
2180966
2180967
2180968
2180973
2180974
2180975
2180976
2180977
2180982
2180983
2180984
2180985
2180990
2180991
2180992
2180993
2180994
2180995
2180996
2180997
2180998
2181003
2181004
2181005
2181006
2181011
2181012
2181013
2181014
2181031
2181032
2181033
2181034
2181035
2181040
2181041
2181042
2181043
2181048
2181049
2181050
2181051
2181068
2181069
2181070
2181072
2181073
2181074
2181075
2181076
2181077
2181078
2181079
2181084
2181085
2181086
2181088
2181089
2181090
2181091
2181092
2181093
2181094
2181095
2181103
2181104
2181105
2181106
2181107
2181108
2181109
2181110
2181111
2181112
2181116
2181117
2181118
2181119
2181120
2181121
2181122
2181123
2181124
2181125
2181129
2181130
2181131
2181132
2181133
2181134
2181135
2181136
2181137
2181138
2181142
2181143
2181144
2181146
2181147
2181148
2181149
2181150
2181151
2181152
2181153
2181162
2181163
2181164
2181165
2181166
2181171
2181172
2181173
2181174
2181179
2181180
2181181
2181182
2181199
2181200
2181201
2181202
2181203
2181208
2181209
2181210
2181211
2181216
2181217
2181218
2181219
2181220
2181221
2181222
2181223
2181224
2181229
2181230
2181231
2181232
2181237
2181238
2181239
2181240
2181257
2181258
2181259
2181261
2181262
2181263
2181264
2181265
2181266
2181267
2181268
2181273
2181274
2181275
2181276
2181277
2181278
2181279
2181280
2181281
2181282
2181286
2181287
2181288
2181289
2181290
2181291
2181292
2181293
2181294
2181295
2181737
2181738
2181740
2181741
2181742
2181744
2181745
2181747
2181748
2181749
2181751
2181752
2181753
2181754
2181757
2181759
2181760
2181762
2181763
2181765
2181766
2181767
2181769
2181770
2181771
2181776
2181779
2181780
2181781
2181782
2181783
2181784
2181787
2181788
2181790
2181792
2181793
2181794
2181795
2181796
2181797
2181798
2181799
2181800
2181801
2181802
2181803
2181804
2181805
2181806
2181807
2181809
2181813
2181816
2181817
2181822
2181823
2181824
2181830
2181831
2181832
2181834
2181835
2181836
2181837
2181838
2181839
2181840
2181841
2181843
2181844
2181845
2181847
2181848
2181850
2181851
2181852
2181854
2181855
2181856
2181857
2181860
2181862
2181863
2181865
2181866
2181868
2181869
2181870
2181872
2181873
2181874
2181879
2181882
2181883
2181884
2181885
2181886
2181887
2181890
2181891
2181893
2181894
2181895
2181896
2181897
2181898
2181899
2181900
2181901
2181902
2181903
2181904
2181905
2181906
2181907
2181908
2181909
2181911
2181915
2181918
2181919
2181924
2181925
2181926
2181932
2181933
2181934
2181935
2181936
2181937
2181938
2181939
2181940
2181941
2181942
2181943
2181944
2181945
2181946
2181948
2181949
2181950
2181952
2181953
2181954
2181959
2181962
2181963
2181964
2181965
2181966
2181967
2181970
2181971
2181973
2181975
2181976
2181977
2181979
2181980
2181981
2181982
2181985
2181987
2181988
2181990
2181991
2181992
2181993
2181995
2181996
2181997
2181999
2182000
2182001
2182002
2182003
2182004
2182005
2182006
2182007
2182008
2182009
2182010
2182011
2182012
2182013
2182014
2182015
2182016
2182018
2182022
2182025
2182026
2182031
2182032
2182033
2182039
2182040
2182041
2182042
2182043
2182044
2182045
2182046
2182047
2182048
2182049
2182050
2182051
2182053
2182057
2182060
2182061
2182066
2182067
2182068
2182074
2182075
2182076
2182078
2182079
2182080
2182081
2182082
2182083
2182084
2182085
2182086
2182087
2182088
2182089
2182090
2182091
2182092
2182093
2182095
2182101
2182102
2182103
2182108
2182109
2182110
2182116
2182117
2182118
2182119
2182120
2182121
2182122
2182123
2182124
2182126
2182127
2182128
2182129
2182130
2182131
2182132
2182133
2182134
2182135
2182136
2182137
2182139
2182140
2182141
2182143
2182144
2182145
2182150
2182153
2182154
2182155
2182156
2182157
2182158
2182161
2182162
2182164
2182166
2182167
2182169
2182170
2182171
2182172
2182177
2182180
2182181
2182182
2182183
2182184
2182185
2182188
2182189
2182191
2182193
2182194
2182195
2182197
2182198
2182199
2182200
2182203
2182205
2182206
2182208
2182209
2182210
2182211
2182213
2182214
2182215
2182217
2182218
2182220
2182221
2182222
2182224
2182225
2182226
2182227
2182230
2182232
2182233
2182235
2182236
2182237
2182238
2182240
2182241
2182242
2182244
2182245
2182247
2182248
2182249
2182251
2182252
2182253
2182254
2182257
2182259
2182260
2182262
2182263
2182265
2182266
2182267
2182268
2182269
2182271
2182272
2182274
2182275
2182276
2182278
2182279
2182280
2182285
2182288
2182289
2182290
2182291
2182292
2182293
2182296
2182297
2182299
2182300
2182301
2182302
2182303
2182304
2182305
2182307
2182308
2182309
2182310
2182311
2182312
2182314
2182315
2182316
2182317
2182318
2182319
2182320
2182321
2182322
2182323
2182324
2182325
2182326
2182327
2182328
2182329
2182331
2182337
2182338
2182339
2182344
2182345
2182346
2182352
2182353
2182354
2182356
2182357
2182358
2182359
2182360
2182361
2182363
2182364
2182365
2182366
2182367
2182368
2182369
2182370
2182371
2182372
2182373
2182374
2182375
2182376
2182377
2182378
2182380
2182384
2182387
2182388
2182393
2182394
2182395
2182401
2182402
2182403
2182404
2182405
2182406
2182407
2182408
2182409
2182410
2182411
2182412
2182413
2182415
2182419
2182422
2182423
2182428
2182429
2182430
2182436
2182437
2182438
2182439
2182440
2182441
2182442
2182443
2182444
2182446
2182447
2182449
2182450
2182451
2182452
2182457
2182460
2182461
2182462
2182463
2182464
2182465
2182468
2182469
2182471
2182472
2182473
2182475
2182476
2182477
2182479
2182480
2182482
2182483
2182484
2182486
2182487
2182488
2182489
2182492
2182494
2182495
2182497
2182498
2182500
2182501
2182502
2182504
2182505
2182506
2182507
2182510
2182512
2182513
2182515
2182516
2182518
2182519
2182520
2182521
2182522
2182524
2182525
2182527
2182528
2182529
2182531
2182532
2182533
2182538
2182541
2182542
2182543
2182544
2182545
2182546
2182549
2182550
2182552
2183369
2183370
2183374
2183375
2183376
2183377
2183378
2183379
2183381
2183382
2183383
2183386
2183387
2183388
2183389
2183390
2183391
2183393
2183396
2183397
2183398
2183399
2183400
2183404
2183405
2183406
2183407
2183408
2183409
2183410
2183414
2183415
2183416
2183417
2183418
2183419
2183421
2183422
2183423
2183426
2183427
2183428
2183429
2183430
2183431
2183433
2183436
2183437
2183438
2183439
2183440
2183444
2183445
2183446
2183447
2183448
2183449
2183450
2183451
2183452
2183453
2183455
2183458
2183459
2183460
2183461
2183462
2183466
2183467
2183468
2183469
2183470
2183471
2183472
2183476
2183477
2183478
2183479
2183480
2183481
2183483
2183484
2183485
2183488
2183489
2183491
2183494
2183495
2183496
2183497
2183498
2183499
2183503
2183504
2183505
2183506
2183507
2183508
2183509
2183511
2183514
2183515
2183516
2183517
2183518
2183522
2183523
2183524
2183525
2183526
2183527
2183528
2183529
2183530
2183531
2183532
2183533
2183534
2183538
2183539
2183540
2183541
2183542
2183543
2183545
2183546
2183547
2183550
2183551
2183552
2183556
2183557
2183558
2183559
2183560
2183561
2183563
2183564
2183565
2183568
2183569
2183570
2183574
2183575
2183576
2183577
2183578
2183579
2183581
2183582
2183583
2183586
2183587
2183589
2183592
2183593
2183594
2183595
2183596
2183597
2183601
2183602
2183603
2183604
2183605
2183606
2183607
2183608
2183609
2183610
2183612
2183615
2183616
2183617
2183618
2183619
2183623
2183624
2183625
2183626
2183627
2183628
2183629
2183630
2183631
2183632
2183636
2183637
2183638
2183639
2183640
2183641
2183643
2183644
2183645
2183648
2183649
2183650
2183654
2183655
2183656
2183657
2183658
2183659
2183661
2183662
2183663
2183666
2183667
2183668
2183670
2183673
2183674
2183675
2183676
2183677
2183681
2183682
2183683
2183684
2183685
2183686
2183687
2183688
2184009
2184010
2184011
2184012
2184013
2184014
2184015
2184016
2184017
2184018
2184019
2184020
2184022
2184023
2184024
2184025
2184027
2184028
2184029
2184031
2184032
2184034
2184035
2184036
2184038
2184039
2184041
2184042
2184044
2184046
2184047
2184048
2184050
2184051
2184053
2184054
2184056
2184057
2184058
2184059
2184060
2184061
2184062
2184063
2184064
2184065
2184066
2184068
2184069
2184070
2184071
2184074
2184077
2184078
2184079
2184080
2184082
2184083
2184084
2184085
2184088
2184094
2184095
2184096
2184097
2184098
2184099
2184100
2184101
2184102
2184103
2184104
2184105
2184107
2184108
2184109
2184110
2184112
2184113
2184114
2184116
2184117
2184119
2184120
2184121
2184123
2184124
2184126
2184127
2184129
2184131
2184132
2184133
2184135
2184136
2184138
2184139
2184141
2184142
2184143
2184144
2184145
2184146
2184147
2184148
2184149
2184150
2184151
2184155
2184156
2184157
2184158
2184160
2184161
2184163
2184164
2184165
2184166
2184167
2184168
2184169
2184170
2184171
2184172
2184174
2184175
2184176
2184177
2184179
2184180
2184181
2184182
2184183
2184184
2184185
2184186
2184188
2184189
2184190
2184191
2184194
2184197
2184198
2184199
2184200
2184202
2184203
2184204
2184205
2184208
2184214
2184215
2184216
2184217
2184221
2184222
2184223
2184224
2184226
2184227
2184229
2184230
2184231
2184232
2184233
2184234
2184235
2184236
2184237
2184238
2184240
2184241
2184242
2184243
2184245
2184246
2184247
2184248
2184249
2184250
2184251
2184252
2184256
2184257
2184258
2184259
2184261
2184262
2184264
2184265
2184266
2184267
2184268
2184269
2184270
2184271
2184272
2184273
2184275
2184276
2184277
2184278
2184280
2184281
2184282
2184283
2184284
2184285
2184286
2184287
2184288
2184289
2184291
2184292
2184293
2184295
2184296
2184298
2184299
2184301
2184303
2184304
2184305
2184307
2184308
2184310
2184311
2184313
2184314
2184315
2184316
2184317
2184318
2184319
2184320
2184321
2184322
2184323
2184324
2184325
2184327
2184328
2184329
2184330
2184332
2184333
2184334
2184336
2184337
2184338
2184339
2184340
2184341
2184345
2184346
2184347
2184348
2184350
2184351
2184353
2184354
2184355
2184356
2184357
2184358
2184359
2184360
2184361
2184362
2184364
2184365
2184366
2184367
2184369
2184370
2184371
2184372
2184373
2184374
2184375
2184376
2184378
2184379
2184380
2184381
2184384
2184387
2184388
2184389
2184390
2184392
2184393
2184394
2184395
2184398
2184404
2184405
2184406
2184407
2184409
2184410
2184411
2184412
2184415
2184418
2184419
2184420
2184421
2184423
2184424
2184425
2184426
2184429
2184435
2184436
2184437
2184438
2184440
2184441
2184442
2184443
2184446
2184449
2184450
2184451
2184452
2184454
2184455
2184456
2184457
2184460
2184466
2184467
2184468
2184469
2184473
2184474
2184475
2184476
2184478
2184479
2184481
2184482
2184483
2184484
2184485
2184486
2184487
2184488
2184489
2184490
2184492
2184493
2184494
2184495
2184497
2184498
2184499
2184500
2184501
2184502
2184503
2184504
2184508
2184509
2184510
2184511
2184513
2184514
2184516
2184517
2184518
2184519
2184520
2184521
2184522
2184523
2184524
2184525
2184527
2184528
2184529
2184530
2184532
2184533
2184534
2184535
2184536
2184537
2184538
2184539
2184540
2184541
2184542
2184543
2184544
2184545
2184546
2184547
2184549
2184550
2184551
2184553
2184554
2184556
2184557
2184559
2184561
2184562
2184563
2184565
2184566
2184568
2184569
2184571
2184572
2184573
2184574
2184575
2184576
2184577
2184578
2184579
2184580
2184581
2184582
2184583
2184585
2184586
2184587
2184588
2184590
2184591
2184592
2184594
2184595
2184597
2184598
2184599
2184601
2184602
2184604
2184605
2184607
2184609
2184610
2184611
2184613
2184614
2184616
2184617
2184619
2184620
2184621
2184622
2184623
2184624
2184625
2184626
2184627
2184628
2184629
2184630
2184631
2184633
2184634
2184635
2184636
2184638
2184639
2184640
2184642
2184643
2184645
2184646
2184647
2184649
2184650
2184652
2184653
2184655
2184657
2184658
2184659
2184661
2184662
2184664
2184665
2184667
2184668
2184669
2184670
2184671
2184672
2184673
2184674
2184675
2184676
2184677
2184678
2184679
2184681
2184682
2184683
2184684
2184686
2184687
2184688
2184690
2184691
2184692
2184693
2184694
2184695
2184696
2184697
2184698
2184699
2184700
2184701
2184705
2184706
2184707
2184708
2184710
2184711
2184713
2184714
2184715
2184716
2184717
2184718
2184719
2184720
2184721
2184722
2184724
2184725
2184726
2184727
2184729
2184730
2184731
2184732
2184733
2184734
2184735
2184736
2184738
2184739
2184740
2184741
2184744
2184747
2184748
2184749
2184750
2184752
2184753
2184754
2184755
2184758
2184764
2184765
2184766
2184767
2184769
2184770
2184771
2184772
2184775
2184778
2184779
2184780
2184781
2184783
2184784
2184785
2184786
2184789
2184795
2184796
2184797
2184798
2184800
2184801
2184802
2184803
2184806
2184809
2184810
2184811
2184812
2184814
2184815
2184816
2184817
2184820
2184826
2184827
2184828
2184829
2184833
2184834
2184835
2184836
2184838
2184839
2184841
2184842
2184843
2184844
2184845
2184846
2184847
2184848
2184849
2184850
2184852
2184853
2184854
2184855
2184857
2184858
2184859
2184860
2184861
2184862
2184863
2184864
2184865
2184866
2184867
2184868
2184869
2184870
2184871
2184872
2184873
2184874
2184875
2184876
2184877
2184878
2184880
2184881
2184882
2184883
2184885
2184886
2184887
2184889
2184890
2184892
2184893
2184894
2184896
2184897
2184899
2184900
2184902
2184904
2184905
2184906
2184908
2184909
2184911
2184912
2184914
2184916
2184917
2184918
2184920
2184921
2184923
2184924
2184926
2184928
2184929
2184930
2184932
2184933
2184935
2184936
2184938
2184939
2184940
2184941
2184942
2184943
2184944
2184945
2184946
2184947
2184948
2184949
2184950
2184952
2184953
2184954
2184955
2184957
2184958
2184959
2184961
2184962
2184963
2184964
2184965
2184966
2184967
2184968
2185929
2185930
2185931
2185932
2185933
2185934
2185947
2185948
2185949
2185962
2185963
2185964
2185965
2185966
2185967
2185968
2185969
2185970
2185983
2185984
2185985
2185986
2185987
2185988
2186057
2186058
2186059
2186060
2186061
2186062
2186063
2186064
2186065
2186066
2186067
2186068
2186069
2186070
2186071
2186072
2186073
2186074
2186075
2186076
2186077
2186078
2186079
2186080
2186081
2186082
2186083
2186084
2186085
2186086
2186087
2186088
2186089
2186090
2186091
2186092
2186093
2186094
2186095
2186096
2186097
2186098
2186099
2186100
2186101
2186102
2186103
2186104
2186105
2186106
2186107
2186108
2186109
2186110
2186111
2186112
2186113
2186114
2186115
2186116
2186117
2186118
2186119
2186120
2186121
2186122
2186123
2186124
2186125
2186126
2186127
2186128
2186129
2186130
2186131
2186132
2186133
2186134
2186135
2186136
2186217
2186219
2186220
2186221
2186222
2186226
2186227
2186229
2186230
2186233
2186234
2186236
2186237
2186238
2186240
2186241
2186243
2186244
2186246
2186248
2186249
2186250
2186251
2186252
2186253
2186255
2186256
2186257
2186258
2186262
2186263
2186265
2186266
2186269
2186270
2186272
2186273
2186274
2186276
2186277
2186279
2186280
2186282
2186284
2186285
2186286
2186287
2186288
2186289
2186292
2186293
2186295
2186296
2186297
2186299
2186300
2186302
2186303
2186305
2186307
2186308
2186309
2186310
2186311
2186312
2186314
2186315
2186316
2186317
2186321
2186322
2186323
2186324
2186326
2186328
2186329
2186330
2186331
2186332
2186333
2186334
2186336
2186338
2186339
2186340
2186341
2186342
2186343
2186346
2186347
2186349
2186350
2186351
2186353
2186354
2186356
2186359
2186360
2186362
2186363
2186364
2186366
2186367
2186369
2186371
2186372
2186373
2186374
2186378
2186379
2186380
2186382
2186383
2186384
2186385
2186389
2186390
2186391
2186393
2186394
2186395
2186396
2186400
2186401
2186403
2186404
2186405
2186407
2186409
2186410
2186411
2186412
2186413
2186414
2186417
2186418
2186420
2186421
2186422
2186424
2186425
2186427
2186428
2186430
2186432
2186433
2186434
2186435
2186436
2186437
2186440
2186441
2186443
2186444
2186445
2186447
2186448
2186450
2186452
2186453
2186454
2186455
2186459
2186460
2186461
2186463
2186464
2186465
2186466
2186470
2186471
2186473
2186474
2186475
2186477
2186479
2186480
2186481
2186482
2186483
2186484
2186487
2186488
2186490
2186491
2186492
2186494
2186495
2186777
2186778
2186779
2186782
2186783
2186784
2186785
2186786
2186787
2186788
2186789
2186792
2186793
2186794
2186795
2186796
2186797
2186802
2186803
2186804
2186805
2186807
2186808
2186809
2186810
2186815
2186816
2186817
2186818
2186820
2186821
2186822
2186823
2186828
2186829
2186830
2186831
2186833
2186834
2186835
2186836
2186837
2186838
2186841
2186842
2186843
2186844
2186845
2186846
2186851
2186852
2186853
2186854
2186856
2186857
2186858
2186859
2186864
2186865
2186866
2186867
2186869
2186870
2186871
2186872
2186877
2186878
2186879
2186880
2186882
2186883
2186884
2186885
2186886
2186887
2186890
2186891
2186892
2186893
2186894
2186895
2186896
2186897
2186900
2186901
2186902
2186903
2186904
2186905
2186906
2186907
2186910
2186911
2186912
2186913
2186914
2186915
2186920
2186921
2186922
2186923
2186925
2186926
2186927
2186928
2186933
2186934
2186935
2186936
2186938
2186939
2186940
2186941
2186942
2186943
2186946
2186947
2186948
2186949
2186950
2186951
2186952
2186953
2186956
2186957
2186958
2186959
2186960
2187145
2187146
2187147
2187149
2187150
2187151
2187152
2187155
2187157
2187160
2187162
2187163
2187166
2187167
2187169
2187170
2187172
2187173
2187174
2187176
2187177
2187178
2187179
2187181
2187182
2187183
2187184
2187187
2187188
2187189
2187190
2187191
2187193
2187194
2187195
2187196
2187199
2187201
2187204
2187206
2187207
2187210
2187211
2187213
2187214
2187216
2187217
2187218
2187220
2187221
2187222
2187223
2187225
2187226
2187227
2187228
2187231
2187232
2187233
2187234
2187235
2187237
2187238
2187239
2187240
2187243
2187245
2187248
2187250
2187251
2187254
2187255
2187257
2187258
2187260
2187261
2187262
2187264
2187265
2187266
2187267
2187269
2187270
2187271
2187272
2187275
2187276
2187277
2187278
2187279
2187281
2187282
2187283
2187284
2187287
2187289
2187292
2187294
2187295
2187298
2187299
2187301
2187302
2187304
2187305
2187306
2187308
2187309
2187310
2187311
2187313
2187314
2187315
2187316
2187319
2187320
2187321
2187322
2187323
2187325
2187326
2187328
2187329
2187331
2187333
2187336
2187338
2187339
2187342
2187343
2187345
2187346
2187348
2187349
2187350
2187352
2187353
2187354
2187355
2187357
2187358
2187359
2187360
2187363
2187364
2187365
2187366
2187367
2187369
2187370
2187371
2187372
2187375
2187377
2187380
2187382
2187383
2187386
2187387
2187389
2187390
2187392
2187393
2187394
2187396
2187397
2187398
2187399
2187401
2187402
2187403
2187404
2187407
2187408
2187409
2187410
2187411
2187413
2187414
2187416
2187417
2187419
2187421
2187424
2187426
2187427
2187430
2187431
2187433
2187434
2187436
2187437
2187438
2187440
2187441
2187442
2187443
2187445
2187446
2187447
2187448
2187451
2187452
2187453
2187454
2187455
2187457
2187458
2187459
2187460
2187463
2187465
2187468
2187470
2187471
2187474
2187475
2187477
2187478
2187480
2187481
2187482
2187484
2187485
2187486
2187487
2187489
2187490
2187491
2187492
2187495
2187496
2187850
2187851
2187852
2187854
2187855
2187856
2187857
2187859
2187860
2187861
2187862
2187864
2187865
2187866
2187867
2187868
2187870
2187872
2187873
2187874
2187875
2187876
2187877
2187878
2187879
2187880
2187881
2187885
2187886
2187887
2187888
2187889
2187890
2187891
2187892
2187893
2187894
2187896
2187897
2187898
2187899
2187900
2187901
2187904
2187908
2187909
2187910
2187911
2187912
2187914
2187916
2187917
2187918
2187920
2187921
2187922
2187923
2187925
2187926
2187927
2187928
2187930
2187931
2187932
2187933
2187934
2187936
2187938
2187939
2187940
2187941
2187942
2187943
2187944
2187945
2187946
2187947
2187951
2187952
2187953
2187954
2187955
2187956
2187957
2187958
2187959
2187960
2187962
2187963
2187964
2187965
2187966
2187967
2187970
2187974
2187975
2187976
2187977
2187978
2187980
2187981
2187982
2187986
2187987
2187988
2187989
2187990
2187991
2187992
2187993
2187994
2187995
2187997
2187998
2187999
2188000
2188001
2188002
2188005
2188009
2188010
2188011
2188012
2188013
2188015
2188017
2188018
2188019
2188021
2188022
2188023
2188024
2188026
2188027
2188028
2188029
2188031
2188032
2188033
2188034
2188035
2188037
2188039
2188040
2188041
2188042
2188043
2188044
2188045
2188046
2188047
2188048
2188052
2188053
2188054
2188055
2188056
2188057
2188058
2188059
2188060
2188062
2188063
2188064
2188065
2188066
2188067
2188068
2188071
2188075
2188076
2188077
2188078
2188079
2188081
2188082
2188083
2188087
2188088
2188089
2188090
2188091
2188092
2188093
2188094
2188095
2188096
2188098
2188099
2188100
2188101
2188102
2188103
2188106
2188110
2188111
2188112
2188113
2188114
2188116
2188118
2188119
2188120
2188122
2188123
2188124
2188125
2188127
2188128
2188129
2188130
2188132
2188133
2188134
2188135
2188136
2188138
2188140
2188141
2188142
2188143
2188144
2188145
2188146
2188147
2188149
2188150
2188151
2188153
2188154
2188155
2188156
2188158
2188159
2188160
2188161
2188163
2188164
2188165
2188166
2188167
2188169
2188171
2188172
2188173
2188174
2188175
2188176
2188177
2188178
2188180
2188181
2188182
2188184
2188185
2188186
2188187
2188189
2188190
2188191
2188192
2188194
2188195
2188196
2188197
2188198
2188200
2188202
2188203
2188204
2188205
2188206
2188207
2188208
2188209
2188210
2188211
2188215
2188216
2188217
2188218
2188219
2188220
2188221
2188222
2188223
2188225
2188226
2188227
2188228
2188229
2188230
2188231
2188234
2188238
2188239
2188240
2188241
2188242
2188244
2188245
2188246
2188250
2188251
2188252
2188253
2188254
2188255
2188256
2188257
2188258
2188259
2188261
2188262
2188263
2188264
2188265
2188266
2188269
2188273
2188274
2188275
2188276
2188277
2188279
2188281
2188282
2188283
2188285
2188286
2188287
2188288
2188290
2188291
2188292
2188293
2188295
2188296
2188297
2188298
2188299
2188301
2188303
2188304
2188305
2188306
2188307
2188308
2188309
2188310
2188312
2188313
2188314
2188316
2188317
2188318
2188319
2188321
2188322
2188323
2188324
2188326
2188327
2188328
2188329
2188330
2188332
2188334
2188335
2188336
2188337
2188338
2188339
2188340
2188341
2188342
2188343
2188347
2188348
2188349
2188350
2188351
2188352
2188353
2188354
2188355
2188356
2188358
2188359
2188360
2188361
2188362
2188363
2188366
2188370
2188371
2188372
2188373
2188374
2188376
2188905
2188906
2188907
2188908
2188909
2188910
2188915
2188916
2188917
2188918
2188919
2188920
2188925
2188926
2188927
2188928
2188929
2188930
2188935
2188936
2188937
2188938
2188939
2188940
2188985
2188986
2188987
2188988
2188989
2188990
2188995
2188996
2188997
2188998
2188999
2189000
2189005
2189006
2189007
2189008
2189009
2189010
2189015
2189016
2189017
2189018
2189019
2189020
2189025
2189026
2189027
2189028
2189029
2189030
2189035
2189036
2189037
2189038
2189039
2189040
2189045
2189046
2189047
2189048
2189049
2189050
2189055
2189056
2189057
2189058
2189059
2189060
2189145
2189146
2189147
2189148
2189154
2189155
2189156
2189157
2189167
2189168
2189169
2189170
2189190
2189191
2189192
2189193
2189194
2189195
2189196
2189197
2189206
2189207
2189208
2189209
2189225
2189226
2189227
2189228
2189233
2189234
2189235
2189236
2189321
2189322
2189323
2189324
2189325
2189326
2189327
2189328
2189329
2189330
2189331
2189332
2189333
2189334
2189335
2189336
2189337
2189338
2189339
2189340
2189341
2189342
2189343
2189344
2189345
2189346
2189347
2189348
2189349
2189350
2189351
2189352
2189353
2189354
2189355
2189356
2189357
2189358
2189359
2189360
2189361
2189362
2189363
2189364
2189365
2189366
2189367
2189368
2189369
2189370
2189371
2189372
2189373
2189374
2189375
2189376
2189377
2189378
2189379
2189380
2189381
2189382
2189383
2189384
2189449
2189450
2189451
2189452
2189453
2189454
2189455
2189456
2189457
2189458
2189459
2189460
2189461
2189462
2189463
2189464
2189465
2189466
2189467
2189468
2189469
2189470
2189471
2189472
2189473
2189474
2189475
2189476
2189477
2189478
2189479
2189480
2189481
2189482
2189483
2189484
2189485
2189486
2189487
2189488
2189489
2189490
2189491
2189492
2189493
2189494
2189495
2189496
2189497
2189498
2189499
2189500
2189501
2189502
2189503
2189504
2189505
2189506
2189507
2189508
2189509
2189510
2189511
2189512
2189513
2189514
2189515
2189516
2189517
2189518
2189519
2189520
2189521
2189522
2189523
2189524
2189525
2189526
2189527
2189528
2189529
2189542
2189543
2189544
2189545
2189548
2189549
2189550
2189551
2189552
2189553
2189554
2189555
2189556
2189557
2189558
2189559
2189561
2189562
2189563
2189564
2189565
2189566
2189567
2189568
2189569
2189570
2189571
2189572
2189573
2189574
2189575
2189576
2189578
2189579
2189580
2189581
2189584
2189585
2189586
2189587
2189588
2189589
2189590
2189591
2189592
2189593
2189594
2189595
2189596
2189597
2189598
2189599
2189606
2189607
2189608
2189609
2189610
2189611
2189612
2189613
2189614
2189615
2189616
2189617
2189624
2189625
2189626
2189627
2189630
2189631
2189632
2189633
2189634
2189635
2189636
2189637
2189640
2189641
2189642
2189643
2189644
2189645
2189646
2189647
2189648
2189649
2189650
2189651
2189652
2189654
2189655
2189656
2189657
2189658
2189659
2189660
2189661
2189662
2189664
2189665
2189666
2189667
2189668
2189669
2189670
2189671
2189672
2189673
2189674
2189675
2189676
2189677
2189678
2189679
2189680
2189681
2189682
2189683
2189684
2189685
2189686
2189687
2189688
2189689
2189690
2189691
2189692
2189693
2189694
2189695
2189696
2189697
2189698
2189699
2189700
2189701
2189702
2189703
2189705
2189706
2189707
2189708
2189709
2189710
2189711
2189712
2189713
2189714
2189715
2189716
2189717
2189719
2189720
2189721
2189722
2189725
2189726
2189727
2189728
2189729
2189730
2189731
2189732
2189735
2189736
2189737
2189738
2189739
2189740
2189741
2189742
2189749
2189750
2189751
2189752
2189753
2189754
2189755
2189756
2189757
2189758
2189759
2189760
2189761
2189762
2189763
2189764
2189765
2189766
2189767
2189768
2189769
2189770
2189771
2189772
2189779
2189780
2189781
2189782
2189785
2189786
2189787
2189788
2189789
2189790
2189791
2189792
2189794
2189795
2189796
2189797
2189798
2189799
2189800
2189801
2189802
2189803
2189804
2189805
2189806
2189807
2189808
2189809
2189810
2189811
2189812
2189813
2189814
2189815
2189816
2189817
2189818
2189819
2189820
2189821
2189822
2189823
2189824
2189825
2189826
2189827
2189828
2189829
2189830
2190197
2190198
2190201
2190202
2190203
2190204
2190205
2190206
2190207
2190208
2190209
2190210
2190211
2190212
2190213
2190214
2190215
2190216
2190219
2190220
2190221
2190222
2190223
2190224
2190225
2190226
2190227
2190228
2190229
2190230
2190231
2190232
2190233
2190234
2190235
2190236
2190237
2190238
2190239
2190240
2190243
2190244
2190245
2190246
2190247
2190248
2190249
2190250
2190251
2190252
2190253
2190254
2190255
2190256
2190257
2190258
2190259
2190260
2190261
2190262
2190263
2190264
2190267
2190268
2190269
2190270
2190271
2190272
2190273
2190274
2190275
2190276
2190277
2190278
2190279
2190282
2190283
2190284
2190285
2190286
2190287
2190288
2190289
2190290
2190291
2190292
2190293
2190294
2190297
2190298
2190299
2190300
2190301
2190302
2190303
2190304
2190305
2190306
2190307
2190308
2190309
2190310
2190311
2190312
2190315
2190316
2190317
2190318
2190319
2190320
2190321
2190322
2190323
2190324
2190325
2190326
2190327
2190328
2190329
2190330
2190331
2190332
2190333
2190336
2190337
2190338
2190339
2190340
2190485
2190486
2190487
2190490
2190491
2190492
2190493
2190494
2190495
2190496
2190499
2190500
2190501
2190502
2190503
2190504
2190505
2190506
2190507
2190508
2190509
2190510
2190511
2190514
2190517
2190520
2190521
2190522
2190523
2190524
2190525
2190526
2190527
2190528
2190529
2190530
2190531
2190532
2190533
2190534
2190535
2190536
2190537
2190538
2190541
2190544
2190547
2190548
2190549
2190550
2190551
2190552
2190553
2190554
2190555
2190556
2190629
2190630
2190631
2190632
2190633
2190634
2190635
2190636
2190637
2190638
2190639
2190640
2190641
2190642
2190643
2190644
2190645
2190646
2190647
2190648
2190649
2190650
2190651
2190652
2190653
2190654
2190655
2190656
2190657
2190658
2190659
2190660
2190661
2190662
2190663
2190664
2190665
2190666
2190667
2190668
2190669
2190670
2190671
2190672
2190673
2190674
2190675
2190676
2190725
2190726
2190727
2190728
2190729
2190730
2190731
2190732
2190733
2190734
2190735
2190736
2190737
2190738
2190739
2190740
2190741
2190742
2190743
2190744
2190745
2190746
2190747
2190748
2190749
2190750
2190751
2190752
2190753
2190754
2190755
2190756
2190757
2190758
2190759
2190760
2190761
2190762
2190763
2190764
2190765
2190766
2190767
2190768
2190769
2190770
2190771
2190772
2190821
2190822
2190823
2190824
2190825
2190826
2190827
2190828
2190829
2190830
2190831
2190832
2190833
2190834
2190835
2190836
2190837
2190838
2190839
2190840
2190841
2190842
2190843
2190844
2190845
2190846
2190847
2190848
2190849
2190850
2190851
2190852
2190853
2190854
2190855
2190856
2190857
2190858
2190859
2190860
2190861
2190862
2190863
2190864
2190865
2190866
2190867
2190868
2190917
2190918
2190919
2190921
2190922
2190923
2190924
2190925
2190928
2190929
2190930
2190931
2190932
2190933
2190934
2190935
2190936
2190937
2190938
2190939
2190941
2190942
2190943
2190944
2190945
2190948
2190949
2190950
2190951
2190952
2190953
2190954
2190955
2190956
2190959
2190960
2190961
2190962
2190963
2190964
2190965
2190966
2190967
2190968
2190969
2190970
2190972
2190973
2190974
2190975
2190976
2190977
2190978
2190979
2190980
2190981
2190982
2190983
2190984
2190985
2190986
2190987
2190988
2190989
2190990
2190991
2190992
2190993
2190994
2190999
2191000
2191001
2191003
2191004
2191005
2191006
2191007
2191008
2191009
2191010
2191012
2191013
2191014
2191015
2191016
2191017
2191018
2191019
2191021
2191022
2191023
2191024
2191025
2191026
2191027
2191028
2191029
2191030
2191031
2191032
2191033
2191034
2191037
2191038
2191039
2191040
2191041
2191042
2191043
2191044
2191045
2191048
2191049
2191050
2191052
2191053
2191054
2191055
2191056
2191057
2191058
2191059
2191061
2191062
2191063
2191064
2191065
2191066
2191067
2191068
2191069
2191070
2191071
2191072
2191073
2191074
2191238
2191239
2191242
2191243
2191246
2191247
2191250
2191251
2191254
2191255
2191258
2191259
2191262
2191263
2191266
2191267
2191413
2191414
2191419
2191420
2191421
2191422
2191423
2191428
2191429
2191430
2191431
2191432
2191437
2191438
2191439
2191444
2191445
2191446
2191451
2191452
2191453
2191454
2191455
2191456
2191457
2191458
2191459
2191464
2191465
2191466
2191471
2191472
2191473
2191478
2191479
2191480
2191481
2191482
2191483
2191484
2191653
2191654
2191655
2191656
2191657
2191658
2191659
2191660
2191661
2191662
2191663
2191664
2191665
2191666
2191667
2191668
2191669
2191670
2191671
2191672
2191673
2191674
2191675
2191676
2236637
2236638
2236639
2236640
2236641
2236642
2236643
2236644
2236645
2236646
2236647
2236648
2236649
2236650
2236651
2236652
2236653
2236654
2236655
2236656
2236657
2236658
2236659
2236660
2236661
2236662
2236663
2236664
2236665
2236666
2236667
2236668
2236669
2236670
2236671
2236672
2236673
2236674
2236675
2236676
2236677
2236678
2236679
2236680
2236681
2236682
2236683
2236684
2236685
2236686
2236687
2236688
2236689
2236690
2236691
2236692
2236693
2236694
2236695
2236696
2236697
2236698
2236699
2236700
2236701
2236702
2236703
2236704
2236705
2236706
2236707
2236708
2236709
2236710
2236711
2236712
2236713
2236714
2236715
2236716
2236717
2236718
2236719
2236720
2236721
2236722
2236723
2236724
2236725
2236726
2236727
2236728
2236729
2236738
2236739
2236740
2236741
2236742
2236743
2236744
2236745
2236746
2236747
2236748
2236749
2236750
2236751
2236752
2236753
2236754
2236755
2236756
2236757
2236758
2236759
2236760
2236761
2236762
2236763
2236764
2236765
2236766
2236767
2236768
2236769
2236770
2236771
2236772
2236773
2236774
2236775
2236776
2236777
2236778
2236779
2236780
2236781
2236782
2236783
2236784
2236785
2236786
2236787
2236788
2236789
2236790
2236791
2236792
2236793
2236794
2236795
2236796
2236797
2236798
2236799
2236800
2236801
2236802
2236803
2236804
2236805
2236806
2236807
2236808
2236809
2236810
2236811
2236812
2236813
2236814
2236815
2236816
2236817
2236818
2236819
2236820
2236821
2236822
2236823
2236824
2236825
2236826
2236827
2236828
2236829
2236830
2236831
2236832
2236833
2236834
2236835
2236836
2236837
2236838
2236839
2236840
2236841
2236842
2236843
2236844
2236845
2236846
2236847
2236848
2236849
2236850
2236851
2236852
2236853
2236854
2236855
2236856
2236857
2236858
2236859
2236860
2236861
2236862
2236863
2236864
2236865
2236866
2236867
2236868
2236869
2236870
2236871
2236872
2236873
2236874
2236875
2236876
2236877
2236878
2236879
2236880
2236881
2236882
2236883
2236887
2236888
2236889
2236890
2236891
2236892
2236893
2236894
2236895
2236896
2236897
2236898
2236899
2236900
2236901
2236902
2236903
2236904
2236905
2236906
2236907
2236908
2236909
2236910
2236911
2236912
2236913
2236914
2236915
2236916
2236917
2236918
2236919
2236920
2236921
2236922
2236923
2236924
2236925
2236926
2236927
2236928
2250318
2250319
2250320
2250321
2250322
2250323
2250324
2250325
2250326
2250327
2250328
2250350
2250351
2250352
2250353
2250354
2250355
2250356
2250357
2250358
2250359
2250375
2250376
2250377
2250378
2250379
2250380
2250381
2250382
2250390
2250391
2250392
2250393
2250394
2250395
2250396
2250449
2250450
2250451
2250467
2250468
2250469
2250470
2250471
2250472
2250473
2250474
2250475
2250476
2250477
2250478
2250479
2250480
2250481
2250482
2250483
2250484
2250485
2250486
2250487
2250488
2250489
2250490
2250491
2250492
2250493
2250494
2250495
2250496
2250497
2250498
2250499
2250500
2250501
2250502
2250503
2250504
2250505
2250506
2250507
2250508
2250509
2250510
2250511
2250512
2250513
2250514
2250515
2250516
2250517
2250518
2250519
2250520
2250521
2250522
2250523
2250524
2250525
2250526
2250527
2250528
2250529
2250530
2250531
2250532
2250533
2250534
2250535
2250536
2250537
2250538
2250539
2250587
2250588
2250589
2250590
2250591
2250592
2250593
2250594
2250595
2250596
2250597
2250598
2250599
2250600
2250601
2250602
2250603
2250604
2250605
2250606
2250607
2250608
2250609
2250610
2250611
2250612
2250613
2250614
2250615
2250616
2250617
2250618
2250619
2250620
2250621
2250622
2250623
2250624
2250625
2250626
2250627
2250628
2250629
2250630
2250631
2250632
2250633
2250634
2250635
2250636
2250637
2250638
2250639
2250640
2250641
2250642
2250643
2250644
2250645
2250646
2250647
2250648
2250649
2250650
2250651
2250652
2250653
2250654
2250655
2250656
2250657
2250658
2250659
2250660
2250661
2250662
2250663
2250664
2250665
2250666
2250667
2250668
2250669
2250670
2250671
2250672
2250673
2250674
2250675
2250676
2250677
2250678
2250679
2250680
2250708
2250709
2250710
2250711
2250712
2250713
2250714
2250715
2250716
2250717
2250718
2250740
2250741
2250742
2250743
2250744
2250745
2250746
2250747
2250748
2250749
2250750
2250751
2250752
2250753
2250754
2250755
2250756
2250757
2250758
2250759
2250760
2250761
2250762
2250763
2250764
2250765
2250766
2250767
2250768
2250769
2250770
2250771
2250772
2250773
2250774
2250775
2250776
2250777
2250778
2250779
2250780
2250781
2250782
2250783
2250784
2250785
2250786
2250787
2250788
2250789
2250790
2250791
2250792
2250793
2250794
2250795
2250796
2250797
2250798
2250799
2250800
2250801
2250802
2250803
2250804
2250805
2250806
2250807
2250808
2250809
2250810
2250811
2250812
2250813
2250814
2250815
2250816
2250817
2250818
2250819
2250820
2250821
2250822
2250823
2250824
2250825
2250826
2250827
2250828
2250829
2250830
2250831
2250832
2250833
2250834
2250835
2250836
2250837
2250838
2250839
2250840
2250841
2250842
2250843
2250879
2250880
2250881
2250882
2250883
2250884
2250885
2250886
2250887
2250888
2250896
2250897
2250898
2250899
2250900
2250901
2250902
2250903
2250904
2250905
2250906
2250907
2250908
2250909
2250910
2250911
2250912
2250913
2250914
2250915
2250916
2250917
2250918
2250919
2250920
2250921
2250922
2250923
2250924
2250925
2250926
2250927
2250928
2250929
2250930
2250931
2250932
2250933
2250934
2250935
2250936
2250937
2250938
2250939
2250940
2250941
2250942
2250943
2250944
2250945
2250946
2250947
2250948
2250949
2250950
2250951
2250952
2250953
2250954
2250955
2250956
2250957
2250958
2250959
2250960
2250961
2250962
2250963
2250964
2250965
2250966
2250967
2250968
2250969
2250970
2250971
2250972
2250973
2250974
2250975
2250976
2250977
2250978
2250979
2250980
2250981
2250982
2250983
2250984
2250985
2250986
2250987
2250988
2250989
2250990
2250991
2251000
2251001
2251002
2251003
2251004
2251005
2251027
2251028
2251029
2251030
2251039
2251040
2251041
2251042
2251050
2251051
2251052
2251053
2251054
2251055
2251056
2251057
2251058
2251059
2251060
2251061
2251062
2251063
2251064
2251065
2251066
2251067
2251068
2251069
2251070
2251071
2251072
2251073
2251074
2251075
2251076
2251077
2251078
2251079
2251080
2251081
2251082
2251083
2251084
2251085
2251086
2251087
2251088
2251089
2251090
2251091
2251092
2251093
2251094
2251095
2251096
2251097
2251098
2251099
2251100
2251101
2251102
2251103
2251104
2251105
2251106
2251107
2251108
2251109
2251110
2251111
2251112
2251113
2251114
2251115
2251116
2251117
2251118
2251119
2251120
2251121
2251122
2251123
2251124
2251125
2251126
2251127
2251128
2251129
2251130
2251131
2251132
2251133
2251134
2251135
2251136
2251137
2251138
2251139
2251140
2251141
2251142
2251143
2251144
2251145
2251146
2251147
2251148
2251149
2251150
2251151
2251167
2251168
2251169
2251170
2251171
2251172
2251173
2251195
2251196
2251197
2251198
2251199
2251200
2251201
2251202
2251203
2251204
2251205
2251206
2251207
2251208
2251209
2251210
2251211
2251212
2251213
2251214
2251215
2251216
2251217
2251218
2251219
2251220
2251221
2251222
2251223
2251224
2251225
2251226
2251227
2251228
2251229
2251230
2251231
2251232
2251233
2251234
2251235
2251236
2251237
2251238
2251239
2251240
2251241
2251242
2251243
2251244
2251245
2251246
2251247
2251248
2251249
2251250
2251251
2251252
2251253
2251254
2251255
2251256
2251257
2251258
2251259
2251260
2251261
2251262
2251263
2251264
2251265
2251266
2251267
2251268
2251269
2251270
2251271
2251272
2251273
2251274
2251275
2251276
2251277
2251278
2251279
2251280
2251281
2251282
2251283
2251284
2251285
2251286
2251287
2251288
2251289
2251290
2251291
2251292
2251293
2251294
2251295
2251296
2251297
2251348
2251349
2251350
2251351
2251352
2251353
2251354
2251355
2251356
2251357
2251358
2251359
2251360
2251361
2251362
2251363
2251364
2251365
2251366
2251367
2251368
2251369
2251370
2251371
2251372
2251373
2251374
2251375
2251376
2251377
2251378
2251379
2251380
2251381
2251382
2251383
2251384
2251385
2251386
2251387
2251388
2251389
2251390
2251391
2251392
2251393
2251394
2251395
2251396
2251397
2251398
2251399
2251400
2251401
2251402
2251403
2251404
2251405
2251406
2251407
2251408
2251409
2251410
2251411
2251412
2251413
2251414
2251415
2251416
2251417
2251418
2251419
2251420
2251421
2251422
2251423
2251424
2251425
2251426
2251427
2251428
2251429
2251430
2251431
2251432
2251433
2251434
2251435
2251436
2251437
2251438
2251439
2251460
2251461
2251462
2251476
2251477
2251478
2251479
2251480
2251481
2251482
2251483
2251484
2251485
2251486
2251487
2251488
2251489
2251490
2251491
2251492
2251493
2251494
2251495
2251496
2251497
2251498
2251499
2251500
2251501
2251502
2251503
2251504
2251505
2251506
2251507
2251508
2251509
2251510
2251511
2251512
2251513
2251514
2251515
2251516
2251517
2251518
2251519
2251520
2251521
2251522
2251523
2251524
2251525
2251526
2251527
2251528
2251529
2251530
2251531
2251532
2251533
2251534
2251535
2251536
2251537
2251538
2251539
2251540
2251541
2251542
2251543
2251582
2251583
2251584
2251585
2251586
2251587
2251588
2251589
2251611
2251612
2251613
2251614
2251623
2251624
2251632
2251633
2251634
2251635
2251636
2251637
2251653
2251654
2251655
2251656
2251657
2251658
2251659
2322101
2322108
2322109
2322110
2322111
2322118
2322119
2322128
2322135
2322136
2322137
2322138
2322145
2322146
2322153
2322154
2322155
2322164
2322171
2322172
2322173
2322174
2322175
2322176
2322177
2322190
2322191
2322192
2322201
2322208
2322209
2322210
2322211
2322220
2322227
2322228
2322229
2322230
2322239
2322246
2322253
2322254
2322255
2322256
2322257
2322258
2322273
2322280
2322281
2322282
2322283
2322284
2322285
2322286
2322295
2322302
2322706
2322707
2322708
2322709
2322710
2322711
2322712
2322713
2322714
2322715
2322722
2322723
2322724
2322725
2322726
2322727
2322728
2322729
2322730
2322731
2322732
2322733
2322735
2322736
2322737
2322750
2322751
2322752
2322755
2322756
2322766
2322771
2322772
2322773
2322776
2322777
2322778
2322779
2322780
2322781
2322782
2322784
2322785
2322786
2322787
2322788
2322789
2322790
2322792
2322793
2322794
2322795
2322796
2322797
2322798
2322800
2322801
2322802
2322805
2322806
2322807
2322810
2322811
2322812
2322817
2322818
2322819
2322820
2322830
2322836
2322842
2322847
2322848
2322853
2322854
2322855
2322860
2322861
2322862
2322863
2322864
2322865
2322866
2322868
2322869
2322870
2322871
2322872
2322873
2322874
2322876
2322877
2322878
2322879
2322880
2322881
2322882
2322884
2322885
2322886
2322889
2322899
2322905
2322906
2322907
2323104
2323106
2323112
2323116
2323122
2323124
2323130
2323136
2323168
2323174
2323177
2323178
2323184
2323187
2323192
2323195
2323196
2323197
2323200
2323201
2323204
2323214
2323215
2323216
2323217
2323220
2323225
2323228
2323234
2323235
2323236
2323239
2323323
2323325
2323339
2323346
2323364
2323366
2323379
2323397
2323465
2323468
2323470
2323471
2323474
2323477
2323480
2323481
2323484
2323487
2323489
2323490
2323493
2323496
2323499
2323500
2323502
2323505
2323507
2323508
2323512
2323515
2323518
2323519
2323523
2323524
2323528
2323529
2323531
2323534
2323535
2323538
2323540
2323541
2323545
2323548
2323550
2323551
2323555
2323558
2323560
2323561
2323565
2323568
2323569
2323572
2323575
2323576
2323580
2323581
2323585
2323586
2323588
2323591
2323593
2323596
2323598
2323599
2323603
2323604
2323608
2323611
2323612
2323615
2323768
2323769
2323776
2323778
2323782
2323783
2323784
2323785
2323786
2323787
2323794
2323796
2323800
2323801
2323802
2323803
2323807
2323808
2323809
2323810
2323811
2323812
2323819
2323821
2323824
2323825
2323826
2323827
2323830
2323831
2323832
2323833
2323836
2323837
2323844
2323846
2323847
2323848
2323855
2323857
2323858
2323859
2323866
2323868
2323871
2323872
2323873
2323874
2323878
2323879
2323880
2323881
2323883
2323884
2323891
2323893
2323894
2323895
2323902
2323904
2323907
2323908
2323909
2323910
2324056
2324059
2324063
2324066
2324070
2324074
2324078
2324081
2324084
2324087
2324091
2324095
2324099
2324102
2324105
2324108
2324361
2324362
2324366
2324370
2324371
2324375
2324380
2324384
2324387
2324392
2324395
2324398
2324400
2324402
2324405
2324410
2324413
2324416
2324418
2324421
2324488
2324491
2324492
2324495
2324496
2324499
2324500
2324503
2324504
2324507
2324508
2324511
2324512
2324515
2324516
2324519
2324520
2324523
2324524
2324527
2324528
2324531
2324532
2324535
2324536
2324539
2324540
2324543
2324544
2324547
2324548
2324551
2324616
2324618
2324621
2324623
2324624
2324626
2324629
2324631
2324632
2324634
2324637
2324639
2324640
2324642
2324645
2324647
2324648
2324650
2324653
2324655
2324656
2324658
2324661
2324663
2324664
2324666
2324669
2324671
2324672
2324674
2324677
2324679
2324748
2324757
2324758
2324759
2324761
2324766
2324775
2324776
2324777
2324779
2324785
2324786
2324787
2324789
2324794
2324803
2324804
2324805
2324807
2324813
2324814
2324815
2324817
2324822
2324830
2324838
2324847
2324848
2324849
2324851
2324857
2324858
2324859
2324861
2324866
2324874
2324883
2324884
2324885
2324887
2325080
2325081
2325082
2325083
2325084
2325085
2325086
2325087
2325088
2325089
2325090
2325091
2325092
2325093
2325094
2325095
2325096
2325097
2325098
2325099
2325100
2325101
2325102
2325103
2325104
2325105
2325106
2325107
2325108
2325109
2325110
2325111
2325112
2325113
2325114
2325115
2325116
2325117
2325118
2325127
2325128
2325129
2325130
2325131
2325132
2325133
2325134
2325137
2325138
2325139
2325140
2325141
2325142
2325143
2325144
2325145
2325146
2325147
2325148
2325151
2325152
2325153
2325154
2325163
2325164
2325165
2325166
2325167
2325168
2325169
2325170
2325171
2325172
2325173
2325176
2325177
2325178
2325181
2325182
2325183
2325184
2325185
2325186
2325187
2325188
2325189
2325190
2325191
2325192
2325193
2325194
2325195
2325196
2325197
2325198
2325199
2325200
2325201
2325202
2325203
2325204
2325205
2325206
2325207
2325208
2325209
2325210
2325211
2325212
2325213
2325214
2325215
2325216
2325219
2325220
2325221
2325224
2325225
2325226
2325227
2325236
2325237
2325238
2325239
2325240
2325241
2325242
2325243
2325246
2325247
2325248
2325249
2325250
2325251
2325252
2325253
2325254
2325255
2325256
2325257
2325258
2325259
2325260
2325261
2325262
2325263
2325264
2325265
2325266
2325267
2325268
2325269
2325270
2325271
2325272
2325453
2325456
2325459
2325462
2325465
2325468
2325471
2325474
2325500
2325501
2325502
2325503
2325504
2325505
2325506
2325507
2325508
2325509
2325510
2325511
2325512
2325513
2325514
2325515
2325516
2325517
2325518
2325519
2325520
2325521
2325522
2325523
2325524
2325525
2325526
2325527
2325528
2325529
2325530
2325531
2325532
2325533
2325534
2325535
2325536
2325537
2325538
2325539
2325540
2325541
2325542
2325543
2325544
2325545
2325546
2325547
2325597
2325599
2325601
2325603
2325605
2325607
2325609
2325611
2325613
2325615
2325617
2325619
2325621
2325623
2325625
2325627
2325660
2325662
2325664
2325666
2325668
2325670
2325672
2325674
2325692
2325693
2325694
2325695
2325696
2325697
2325698
2325699
2325700
2325701
2325702
2325703
2325704
2325705
2325706
2325707
2325708
2325709
2325710
2325711
2325712
2325713
2325714
2325715
2325982
2325983
2325988
2325989
2325994
2325995
2325998
2325999
2326002
2326003
2326012
2326013
2326016
2326017
2326020
2326021
2058964
2058969
2058970
2058975
2058976
2058977
2058979
2058980
2058981
2058982
2058983
2058984
2058985
2058986
2058987
2058988
2058989
2058990
2058991
2058992
2058993
2058994
2058995
2058996
2058997
2058998
2058999
2059000
2059003
2059004
2059006
2059007
2059008
2059009
2059010
2059011
2059012
2059013
2059014
2059015
2059016
2059017
2059018
2059019
2059020
2059021
2059022
2059023
2059024
2059025
2059026
2059027
2059028
2059029
2059030
2059031
2059032
2059033
2059034
2059035
2059036
2059037
2059038
2059039
2059040
2059041
2059042
2059043
2059044
2059045
2059046
2059047
2059048
2059049
2059050
2059051
2059052
2059053
2059054
2059055
2059056
2059057
2059058
2059059
2059060
2059061
2059062
2059063
2059064
2059065
2059066
2059067
2059068
2059069
2059070
2059071
2059072
2059077
2059078
2059079
2059080
2059081
2059082
2059083
2059084
2059085
2059086
2059087
2059088
2059089
2059090
2059091
2059092
2059093
2059094
2059095
2059096
2059097
2059098
2059099
2059100
2059101
2059102
2059103
2059104
2059105
2059106
2059107
2059108
2059109
2059110
2059111
2059112
2059113
2059115
2059119
2059120
2059121
2059122
2059123
2059124
2059125
2059126
2059127
2059128
2059129
2059130
2059131
2059132
2059133
2059134
2059135
2059136
2059137
2059138
2059139
2059140
2059141
2059142
2059143
2059144
2059145
2059146
2059147
2059148
2059149
2059150
2059151
2059152
2059153
2059154
2059155
2059156
2059157
2059158
2059159
2059160
2059161
2059162
2059163
2059164
2059165
2059166
2059167
2059168
2059169
2059170
2059171
2059172
2059173
2059174
2059175
2059176
2059177
2059178
2059179
2059180
2059181
2059182
2059183
2059184
2059185
2059186
2059187
2059188
2059189
2059190
2059191
2059192
2059193
2059194
2059195
2059196
2059197
2059198
2059199
2059200
2059201
2059202
2059203
2059204
2059205
2059206
2059207
2059208
2059209
2059210
2059211
2059212
2059213
2059214
2059215
2059216
2059217
2059218
2059219
2059220
2059221
2059222
2059223
2059224
2059225
2059228
2059229
2059230
2059231
2059232
2059233
2059234
2059235
2059236
2059237
2059238
2059239
2059240
2059241
2059242
2059243
2059244
2059245
2059246
2059247
2059248
2059249
2059250
2059251
2059252
2059253
2059254
2059255
2059256
2059257
2059258
2059259
2059260
2059261
2059262
2059263
2059264
2059265
2059266
2059267
2059268
2059269
2059270
2059271
2059272
2062691
2062692
2062694
2062695
2062696
2062697
2062698
2062699
2062700
2062701
2062703
2062708
2062709
2062710
2062711
2062712
2062713
2062714
2062715
2062716
2062718
2062723
2062724
2062725
2062726
2062727
2062728
2062729
2062730
2062731
2062733
2062734
2062735
2062736
2062737
2062738
2062739
2062742
2062743
2062747
2062750
2062751
2062752
2062753
2062762
2062763
2062764
2062765
2062766
2062767
2062768
2062769
2062770
2062771
2062772
2062773
2062774
2062775
2062776
2062777
2062778
2062779
2062780
2062781
2062782
2062783
2062784
2062785
2062786
2062787
2062788
2062789
2062790
2062791
2062792
2062793
2062794
2062795
2062796
2062797
2062798
2062799
2062800
2062801
2062802
2062803
2062804
2062805
2062806
2062807
2062808
2062809
2062810
2062811
2062812
2062813
2062814
2062815
2062816
2062817
2062818
2062819
2062820
2062821
2062822
2062824
2062825
2062826
2062827
2062828
2062829
2062830
2062831
2062832
2062833
2062834
2062835
2062836
2062839
2062850
2062851
2062853
2062854
2062855
2062856
2062857
2062858
2062859
2062860
2062861
2062862
2062863
2062864
2062865
2062866
2062867
2062868
2062869
2062870
2062871
2062872
2062873
2062874
2062875
2062876
2062877
2062878
2062879
2062880
2062881
2062882
2062883
2062884
2062885
2062886
2062887
2062888
2062889
2062890
2062891
2062892
2062893
2062894
2062895
2062896
2062897
2062898
2062899
2062900
2062901
2062902
2062903
2062904
2062905
2062906
2062907
2062908
2062909
2062910
2062911
2062912
2062913
2062914
2062915
2062916
2062917
2062918
2062919
2062920
2062921
2062922
2062923
2062924
2062925
2062926
2062927
2062928
2062929
2062930
2062931
2062932
2062933
2062934
2062935
2062936
2062937
2062939
2062940
2062941
2062942
2062943
2062944
2062945
2062946
2062947
2062948
2062950
2062951
2062954
2062955
2062956
2062957
2062958
2062959
2062960
2062961
2062963
2062964
2062965
2062966
2062967
2062968
2062969
2062970
2062971
2062972
2062973
2062974
2062975
2062976
2062977
2062978
2062979
2062980
2062981
2062982
2062983
2062984
2062985
2062986
2062987
2062988
2062989
2062990
2062991
2062992
2062993
2062994
2062995
2062996
2062997
2062998
2062999
2063000
2063001
2063002
2063003
2063004
2063005
2063006
2063007
2063008
2063009
2063010
2063011
2063012
2063013
2063014
2063015
2063016
2063017
2063018
2063019
2063020
2063021
2063022
2063023
2063024
2063025
2063026
2063027
2063028
2063029
2063030
2063031
2063032
2063033
2063034
2063035
2063036
2063037
2063038
2063039
2063040
2063041
2063042
2063043
2063044
2063045
2063046
2063047
2063048
2063049
2063050
2063051
2063052
2063053
2063054
2063055
2063056
2063057
2063058
2063059
2063060
2063061
2063062
2063063
2063065
2063066
2063067
2063068
2063069
2063074
2063075
2063076
2063077
2063078
2063080
2063081
2063082
2063083
2063084
2063085
2063086
2063087
2063088
2063089
2063090
2063091
2063092
2063093
2063094
2063095
2063096
2063097
2063098
2063099
2063100
2063101
2063102
2063103
2063104
2063105
2063106
2063107
2063108
2063109
2063110
2063111
2063112
2063113
2063114
2063115
2063116
2063117
2063118
2063119
2063120
2063121
2063122
2063123
2063124
2063125
2063126
2063127
2063128
2063129
2063130
2063131
2063132
2063133
2063134
2063135
2063136
2063137
2063138
2063139
2063140
2063141
2063142
2063143
2063144
2063145
2063146
2063147
2063148
2063149
2063150
2063151
2063152
2063153
2063154
2063155
2063156
2063157
2063158
2063159
2063160
2063161
2063162
2063163
2063164
2063165
2063166
2063167
2063168
2063169
2063170
2063171
2063172
2063173
2063174
2063175
2063176
2063177
2063182
2063183
2063184
2063185
2063186
2063191
2063198
2063199
2063200
2063201
2063202
2063207
2063208
2063209
2063210
2063211
2063213
2063214
2063215
2063216
2063217
2063218
2063219
2063220
2063221
2063222
2063223
2063224
2063225
2063226
2063227
2063228
2063229
2063230
2063231
2063232
2063233
2063234
2063235
2063236
2063237
2063238
2063239
2063240
2063241
2063242
2063243
2063244
2063245
2063246
2063247
2063248
2063249
2063250
2063251
2063252
2063253
2063254
2063255
2063256
2063257
2063258
2063259
2063260
2063261
2063262
2063263
2063264
2063265
2063266
2063267
2063268
2063269
2063270
2063271
2063272
2063273
2063274
2063275
2063276
2063277
2063278
2063279
2063280
2063281
2063282
2063283
2063284
2063285
2063286
2063287
2063288
2063289
2063290
2063291
2063292
2063293
2063294
2063295
2063296
2063297
2063298
2063299
2063300
2063301
2063302
2063303
2063304
2063305
2063306
2063307
2063308
2063309
2063311
2063315
2063316
2063317
2063318
2063319
2063324
2063331
2063332
2063333
2063334
2063335
2063336
2063337
2063340
2063341
2063342
2063343
2063344
2063345
2063346
2063347
2063348
2063349
2063350
2063351
2063352
2063353
2063354
2063355
2063356
2063357
2063358
2063359
2063360
2063361
2063362
2063363
2063364
2063365
2063366
2063367
2063368
2063369
2063370
2063371
2063372
2063373
2063374
2063375
2063376
2063377
2063378
2063379
2063380
2063381
2063382
2063383
2063384
2063385
2063386
2063387
2063388
2063389
2063390
2063391
2063392
2063393
2063394
2063395
2063396
2063397
2063398
2063399
2063400
2063401
2063402
2063403
2063404
2063405
2063406
2063407
2063408
2063409
2063410
2063411
2063412
2063413
2063414
2063415
2063416
2063417
2063418
2063419
2063420
2063421
2063422
2063423
2063424
2063425
2063426
2063427
2063428
2063429
2063430
2063431
2063432
2063433
2063434
2063435
2063436
2063437
2063438
2063439
2063442
2063443
2063445
2063446
2063447
2063448
2063449
2063451
2063452
2063453
2063454
2063455
2063456
2063457
2063458
2063459
2063460
2063461
2063462
2063463
2063464
2063465
2063466
2063467
2063468
2063469
2063470
2063471
2063472
2063473
2063474
2063475
2063476
2063477
2063478
2063479
2063480
2063481
2063482
2063483
2063484
2063485
2063486
2063487
2063488
2063489
2063490
2063491
2063492
2063493
2063494
2063495
2063496
2063497
2063498
2063499
2063500
2063501
2063502
2063503
2063504
2063505
2063506
2063507
2063508
2063509
2063510
2063511
2063512
2063513
2063514
2063515
2063516
2063517
2063518
2063519
2063520
2063521
2063522
2063523
2063524
2063525
2063526
2063527
2063528
2063529
2063530
2063531
2063532
2063533
2063534
2063535
2063536
2063537
2063539
2063540
2063544
2063545
2063546
2063549
2063560
2063561
2063562
2063563
2063564
2063566
2063567
2063568
2063569
2063570
2063571
2063573
2063574
2063575
2063576
2063577
2063578
2063579
2063580
2063581
2063582
2063583
2063584
2063585
2063586
2063587
2063588
2063589
2063590
2063591
2063592
2063593
2063594
2063595
2063596
2063597
2063598
2063599
2063600
2063601
2063602
2063603
2063604
2063605
2063606
2063607
2063608
2063609
2063610
2063611
2063612
2063613
2063614
2063615
2063616
2063617
2063618
2063619
2063620
2063621
2063622
2063623
2063624
2063625
2063626
2063627
2063628
2063629
2063631
2063632
2063636
2063639
2063652
2063653
2063656
2063657
2063658
2063659
2063660
2063662
2063663
2063664
2063665
2063666
2063667
2063672
2063674
2063684
2063685
2063686
2063687
2063688
2063690
2063694
2063695
2063706
2063707
2063708
2063709
2093388
2093389
2093390
2093391
2093392
2093393
2093396
2093397
2093399
2093400
2093401
2093402
2093403
2093404
2093405
2093406
2093407
2093408
2093409
2093410
2093411
2093412
2093413
2093414
2093415
2093416
2093417
2093418
2093419
2093420
2093421
2093422
2093423
2093424
2093425
2093426
2093427
2093428
2093429
2093430
2093431
2093432
2093433
2093434
2093435
2093436
2093437
2093438
2093439
2093440
2093441
2093442
2093443
2093444
2093445
2093446
2093447
2093448
2093449
2093450
2093451
2093452
2093453
2093454
2093455
2093456
2093457
2093458
2093459
2093460
2093461
2093462
2093463
2093464
2093465
2093466
2093467
2093468
2093469
2093470
2093471
2093472
2093473
2093474
2093475
2093476
2093477
2093478
2093479
2093480
2093481
2093482
2093483
2093484
2093485
2093486
2093487
2093488
2093489
2093490
2093491
2093492
2093493
2093494
2093495
2093496
2093497
2093498
2093499
2093500
2093501
2093502
2093503
2093504
2093505
2093506
2093507
2093508
2093509
2093510
2093511
2093512
2093513
2093514
2093515
2093516
2093517
2093518
2093519
2093520
2093521
2093522
2093523
2093524
2093525
2093526
2093527
2093528
2093529
2093530
2093531
2093532
2093533
2093534
2093535
2093536
2093537
2093538
2093539
2093540
2093541
2093542
2093543
2093544
2093545
2093546
2093547
2093548
2093549
2093550
2093551
2093552
2093553
2093554
2093555
2093556
2093557
2093558
2093559
2093560
2093561
2093562
2093563
2093564
2093565
2093566
2093567
2093568
2093569
2093570
2093571
2093572
2093573
2093574
2093575
2093576
2093577
2093578
2093579
2093580
2093581
2093582
2093583
2093584
2093585
2093586
2093587
2093588
2093589
2093590
2093591
2093592
2093593
2093594
2093595
2093596
2093597
2093598
2093599
2093600
2093601
2093602
2093603
2093604
2093605
2093606
2093607
2093608
2093609
2093610
2093611
2093612
2093613
2093614
2093615
2093616
2093617
2093618
2093619
2093620
2093621
2093622
2093623
2093624
2093625
2093626
2093627
2093628
2093629
2093630
2093631
2093632
2093633
2093634
2093635
2093636
2093637
2093638
2093639
2093640
2093641
2093642
2093643
2093644
2093645
2093646
2093647
2093648
2093649
2093650
2093651
2093652
2093653
2093654
2093655
2093656
2093657
2093658
2093659
2093660
2093662
2093663
2093665
2093666
2093667
2093668
2093669
2093670
2093671
2093672
2093673
2093674
2093675
2093676
2093677
2093678
2093679
2093680
2093681
2093682
2093683
2093684
2093685
2093686
2093687
2093688
2093689
2093690
2093691
2093692
2093693
2093694
2093695
2093696
2093697
2093698
2093699
2093700
2093701
2093702
2093703
2093704
2093705
2093706
2093707
2093708
2093709
2093710
2093711
2093712
2093713
2093714
2093715
2093716
2093717
2093718
2093719
2093720
2093721
2093722
2093723
2093724
2093725
2093726
2093727
2093728
2093729
2093730
2093731
2093732
2093733
2093734
2093735
2093736
2093738
2093739
2093740
2093741
2093742
2093743
2093744
2093745
2093746
2093747
2093748
2093749
2093750
2093751
2093752
2093753
2093754
2093755
2093756
2093757
2093758
2093759
2093760
2093761
2093762
2093763
2093764
2093765
2093766
2093767
2093768
2093769
2093770
2093771
2093772
2093773
2093774
2093775
2093776
2093777
2093778
2093779
2093780
2093781
2093782
2093783
2093784
2093785
2093786
2093787
2093788
2093789
2093790
2093791
2093792
2093793
2093794
2093795
2093796
2093797
2093798
2093799
2093800
2093801
2093802
2093803
2093804
2093805
2093806
2093807
2093808
2093809
2093810
2093811
2093812
2093813
2093814
2093815
2093816
2093817
2093818
2093819
2093820
2093821
2093822
2093823
2093824
2093825
2093826
2093827
2093828
2093829
2093830
2093831
2093832
2093833
2093834
2093835
2093836
2093837
2093838
2093839
2093840
2093841
2093842
2093843
2093844
2093845
2093846
2093847
2093848
2093849
2093850
2093851
2093852
2093853
2093854
2093855
2093856
2093857
2093858
2093859
2093860
2093861
2093862
2093863
2093864
2093865
2093866
2093867
2093868
2093869
2093870
2093871
2093872
2093873
2093874
2093875
2093876
2093879
2093880
2093881
2093882
2093883
2093884
2093885
2093886
2093887
2093888
2093889
2093890
2093891
2093892
2093893
2093894
2093895
2093896
2093897
2093898
2093899
2093900
2093901
2093902
2093903
2093904
2093905
2093906
2093907
2093908
2093909
2093910
2093911
2093912
2093913
2093914
2093915
2093916
2093917
2093918
2093919
2093920
2093921
2093922
2093923
2093924
2093925
2093926
2093927
2093928
2093929
2093930
2093931
2093932
2093933
2093934
2093935
2093936
2093937
2093938
2093939
2093940
2093941
2093942
2093943
2093944
2093945
2093946
2093947
2093948
2093949
2093950
2093951
2093952
2093953
2093954
2093955
2093956
2093957
2093958
2093959
2093960
2093961
2093962
2093963
2093964
2093965
2093966
2093967
2093968
2093969
2093970
2093971
2093972
)


// ************************************************************************* //
