/*--------------------------------*- C++ -*----------------------------------*\
| =========                 |                                                 |
| \\      /  F ield         | OpenFOAM: The Open Source CFD Toolbox           |
|  \\    /   O peration     | Version:  v1912                                 |
|   \\  /    A nd           | Website:  www.openfoam.com                      |
|    \\/     M anipulation  |                                                 |
\*---------------------------------------------------------------------------*/
FoamFile
{
    version     2.0;
    format      ascii;
    class       faceSet;
    location    "constant/polyMesh/sets";
    object      top_patch;
}
// * * * * * * * * * * * * * * * * * * * * * * * * * * * * * * * * * * * * * //


9880
(
2175371
2175372
2175373
2175376
2175388
2175389
2175390
2175391
2175392
2175393
2175394
2175395
2175396
2175397
2175398
2175399
2175400
2175401
2175402
2175403
2175404
2175405
2175406
2175407
2175408
2175409
2175412
2175413
2175414
2175415
2175416
2175417
2175418
2175419
2175420
2175421
2175422
2175423
2175424
2175425
2175426
2175427
2175428
2175429
2175434
2175435
2175438
2175439
2175440
2175441
2175442
2175443
2175444
2175445
2175446
2175447
2175448
2175449
2175450
2175451
2175452
2175453
2175454
2175455
2175456
2175457
2175458
2175459
2175470
2175471
2175472
2175473
2175474
2175475
2175476
2175477
2175478
2175479
2175480
2175481
2175482
2175483
2175484
2175485
2175500
2175501
2175502
2175505
2175536
2175537
2175538
2175539
2175540
2175541
2175542
2175543
2175544
2175545
2175546
2175547
2175548
2175549
2175550
2175551
2175552
2175553
2175554
2175555
2175556
2175557
2175558
2175559
2175560
2175561
2175562
2175563
2175564
2175565
2175566
2175567
2175568
2175569
2175570
2175571
2175572
2175573
2175574
2175575
2175576
2175577
2175578
2175579
2175580
2175581
2175582
2175583
2175584
2175585
2175586
2175587
2175588
2175589
2175590
2175591
2175592
2175593
2175594
2175595
2175596
2175597
2175598
2175599
2175600
2175601
2175602
2175603
2175604
2175605
2175606
2175607
2175608
2175609
2175610
2175611
2175612
2175613
2175614
2175615
2175616
2175617
2175618
2175619
2175620
2175621
2175622
2175623
2175624
2175625
2175626
2175627
2175628
2175629
2175630
2175631
2175632
2175633
2175634
2175635
2175636
2175637
2175638
2175639
2175640
2175641
2175642
2175643
2175644
2175645
2175646
2175647
2175648
2175649
2175650
2175651
2175652
2175653
2175654
2175655
2175656
2175657
2175658
2175659
2175660
2175661
2175662
2175663
2175664
2175665
2175666
2175667
2175668
2175669
2175670
2175671
2175672
2175673
2175674
2175675
2175676
2175677
2175678
2175679
2175680
2175681
2175682
2175683
2175684
2175685
2175686
2175687
2175688
2175689
2175690
2175691
2175692
2175693
2175694
2175695
2175696
2175697
2175698
2175699
2175700
2175701
2175702
2175703
2175704
2175705
2175706
2175707
2175708
2175709
2175710
2175711
2175712
2175713
2175714
2175715
2175716
2175717
2175718
2175719
2175720
2175721
2175722
2175723
2175724
2175725
2175726
2175727
2175728
2175729
2175730
2175731
2175732
2175733
2175734
2175735
2175736
2175753
2175754
2175755
2175756
2175757
2175758
2175759
2175760
2175761
2175773
2175774
2175775
2175776
2175779
2175780
2175781
2175782
2175783
2175784
2175785
2175786
2175787
2175788
2175789
2175790
2175791
2175792
2175793
2175794
2175795
2175796
2175797
2175798
2175799
2175800
2175801
2175802
2175803
2175804
2175805
2175806
2175807
2175808
2175809
2175810
2175811
2175812
2175813
2175814
2175815
2175816
2175817
2175818
2175819
2175820
2175821
2175822
2175823
2175824
2175825
2175826
2175827
2175828
2175829
2175830
2175831
2175832
2175833
2175834
2175835
2175836
2175837
2175838
2175839
2175840
2175841
2175842
2175843
2175844
2175845
2175846
2175847
2175848
2175849
2175850
2175851
2175852
2175853
2175854
2175855
2175856
2175857
2175858
2175859
2175860
2175861
2175862
2175863
2175864
2175865
2175866
2175867
2175868
2175869
2175870
2175871
2175872
2175873
2175874
2175875
2175876
2175877
2175878
2175879
2175880
2175881
2175882
2175883
2175884
2175885
2175886
2175887
2175888
2175889
2175890
2175891
2175892
2175893
2175894
2175895
2175896
2175897
2175898
2175899
2175900
2175901
2175902
2175903
2175904
2175905
2175906
2175907
2175908
2175909
2175910
2175911
2175912
2175913
2175914
2175915
2175916
2175917
2175918
2175919
2175920
2175921
2175922
2175923
2175924
2175925
2175926
2175927
2175928
2175929
2175930
2175931
2175932
2175933
2175934
2175935
2175936
2175937
2175938
2175939
2175940
2175941
2175942
2175943
2175944
2175945
2175946
2175947
2175948
2175949
2175950
2175951
2175952
2175953
2175954
2175955
2175956
2175957
2175958
2175959
2175960
2175961
2175962
2175963
2175964
2175965
2175966
2175967
2175968
2175969
2175970
2175971
2175972
2175973
2175974
2175975
2175976
2175977
2175978
2175979
2175980
2175981
2175982
2175983
2175984
2175985
2175986
2175987
2175988
2175989
2175990
2175991
2175992
2175993
2175994
2175995
2175996
2175997
2175998
2175999
2176000
2176001
2176002
2176003
2176004
2176005
2176006
2176007
2176008
2176009
2176010
2176011
2176012
2176013
2176014
2176015
2176016
2176017
2176018
2176019
2176020
2176021
2176022
2176023
2176024
2176025
2176026
2176027
2176028
2176029
2176030
2176031
2176032
2176033
2176034
2176045
2176046
2176047
2176048
2176061
2176062
2176063
2176064
2176065
2176066
2176067
2176068
2176070
2176071
2176072
2176073
2176074
2176075
2176076
2176077
2176078
2176079
2176080
2176081
2176082
2176083
2176084
2176085
2176086
2176087
2176088
2176089
2176090
2176091
2176092
2176093
2176094
2176095
2176096
2176097
2176098
2176099
2176100
2176101
2176102
2176103
2176104
2176105
2176106
2176107
2176108
2176109
2176110
2176111
2176112
2176113
2176114
2176115
2176116
2176117
2176118
2176119
2176120
2176121
2176122
2176123
2176124
2176125
2176126
2176127
2176128
2176129
2176130
2176131
2176132
2176133
2176134
2176135
2176136
2176137
2176138
2176139
2176140
2176141
2176142
2176143
2176144
2176145
2176146
2176147
2176148
2176149
2176150
2176151
2176152
2176153
2176154
2176155
2176156
2176157
2176158
2176159
2176160
2176161
2176162
2176163
2176164
2176165
2176166
2176167
2176168
2176169
2176170
2176171
2176172
2176173
2176174
2176175
2176176
2176177
2176178
2176179
2176180
2176181
2176182
2176183
2176184
2176185
2176186
2176187
2176188
2176189
2176190
2176191
2176192
2176193
2176194
2176195
2176196
2176197
2176198
2176199
2176200
2176201
2176202
2176203
2176204
2176205
2176206
2176207
2176208
2176209
2176210
2176211
2176212
2176213
2176214
2176215
2176216
2176217
2176218
2176219
2176220
2176221
2176222
2176223
2176224
2176225
2176226
2176227
2176228
2176229
2176230
2176231
2176232
2176233
2176234
2176235
2176236
2176237
2176238
2176239
2176240
2176241
2176242
2176243
2176244
2176245
2176246
2176247
2176248
2176249
2176250
2176251
2176252
2176253
2176254
2176255
2176256
2176257
2176258
2176259
2176260
2176261
2176262
2176263
2176264
2176265
2176266
2176267
2176268
2176269
2176270
2176271
2176272
2176273
2176274
2176275
2176276
2176277
2176278
2176279
2176280
2176281
2176282
2176283
2176284
2176285
2176286
2176287
2176288
2176289
2176290
2176291
2176292
2176293
2176294
2176295
2176296
2176297
2176298
2176299
2176300
2176301
2176302
2176303
2176304
2176305
2176306
2176307
2176308
2176309
2176310
2176311
2176312
2176313
2176314
2176315
2176316
2176317
2176318
2176319
2176320
2176321
2176322
2176323
2176324
2176325
2176326
2176327
2176328
2176329
2176330
2176331
2176332
2176333
2176353
2176354
2176355
2176356
2176357
2176358
2176359
2176360
2176361
2176362
2176363
2176364
2176365
2176366
2176367
2176368
2176370
2176371
2176372
2176373
2176374
2176375
2176376
2176377
2176378
2176379
2176380
2176381
2176382
2176383
2176386
2176387
2176388
2176389
2176390
2176391
2176392
2176393
2176394
2176395
2176396
2176397
2176398
2176399
2176400
2176401
2176402
2176403
2176404
2176405
2176406
2176407
2176408
2176409
2176410
2176411
2176412
2176413
2176414
2176415
2176416
2176417
2176418
2176419
2176420
2176421
2176422
2176423
2176424
2176425
2176426
2176427
2176428
2176429
2176430
2176431
2176432
2176433
2176434
2176435
2176436
2176437
2176438
2176439
2176440
2176441
2176442
2176443
2176444
2176445
2176446
2176447
2176448
2176449
2176450
2176451
2176452
2176453
2176454
2176455
2176456
2176457
2176458
2176459
2176460
2176461
2176462
2176463
2176464
2176465
2176466
2176467
2176468
2176469
2176470
2176471
2176472
2176473
2176474
2176475
2176476
2176477
2176478
2176479
2176480
2176481
2176482
2176483
2176484
2176485
2176486
2176487
2176488
2176489
2176490
2176491
2176492
2176493
2176494
2176495
2176496
2176497
2176498
2176499
2176500
2176501
2176502
2176503
2176504
2176505
2176506
2176507
2176508
2176509
2176510
2176511
2176512
2176513
2176514
2176515
2176516
2176517
2176518
2176519
2176520
2176521
2176522
2176523
2176524
2176525
2176526
2176527
2176528
2176529
2176530
2176531
2176532
2176533
2176534
2176535
2176536
2176537
2176538
2176539
2176540
2176541
2176542
2176543
2176544
2176545
2176546
2176547
2176548
2176549
2176550
2176551
2176552
2176553
2176554
2176555
2176556
2176557
2176558
2176559
2176560
2176561
2176562
2176563
2176564
2176565
2176566
2176567
2176568
2176569
2176570
2176571
2176572
2176573
2176574
2176575
2176576
2176577
2176578
2176579
2176580
2176581
2176582
2176583
2176584
2176585
2176586
2176587
2176588
2176589
2176590
2176591
2176592
2176593
2176594
2176595
2176596
2176597
2176598
2176599
2176600
2176601
2176602
2176603
2176604
2176605
2176606
2176607
2176608
2176609
2176610
2176611
2176612
2176613
2176614
2176615
2176616
2176617
2176618
2176619
2176620
2176621
2176622
2176623
2176624
2176625
2176626
2176627
2176628
2176629
2176630
2176631
2176632
2176633
2176634
2176635
2176636
2176637
2176638
2176639
2176640
2176641
2176642
2176643
2176644
2176645
2176646
2176647
2176648
2176649
2176650
2176651
2176665
2176666
2176667
2176668
2176669
2176670
2176671
2176672
2176673
2176674
2176675
2176676
2176677
2176678
2176679
2176680
2176681
2176682
2176683
2176684
2176685
2176686
2176689
2176690
2176695
2176696
2176698
2176699
2176701
2176702
2176703
2176704
2176705
2176706
2176707
2176708
2176709
2176710
2176711
2176712
2176713
2176714
2176715
2176716
2176717
2176718
2176719
2176720
2176721
2176722
2176723
2176724
2176725
2176726
2176727
2176728
2176729
2176730
2176731
2176732
2176733
2176734
2176735
2176736
2176737
2176738
2176739
2176740
2176741
2176742
2176743
2176744
2176745
2176746
2176747
2176748
2176749
2176750
2176751
2176752
2176753
2176754
2176755
2176756
2176757
2176758
2176759
2176760
2176761
2176762
2176763
2176764
2176765
2176766
2176767
2176768
2176769
2176770
2176771
2176772
2176773
2176774
2176775
2176776
2176777
2176778
2176779
2176780
2176781
2176782
2176783
2176784
2176785
2176786
2176787
2176788
2176789
2176790
2176791
2176792
2176793
2176794
2176795
2176796
2176797
2176798
2176799
2176800
2176801
2176802
2176803
2176804
2176805
2176806
2176807
2176808
2176809
2176810
2176811
2176812
2176813
2176814
2176815
2176816
2176817
2176818
2176819
2176820
2176821
2176822
2176823
2176824
2176825
2176826
2176827
2176828
2176829
2176830
2176831
2176832
2176833
2176834
2176835
2176836
2176837
2176838
2176839
2176840
2176841
2176842
2176843
2176844
2176845
2176846
2176847
2176848
2176849
2176850
2176851
2176852
2176853
2176854
2176855
2176856
2176857
2176858
2176859
2176860
2176861
2176862
2176863
2176864
2176865
2176866
2176867
2176868
2176869
2176870
2176871
2176872
2176873
2176874
2176875
2176876
2176877
2176878
2176879
2176880
2176881
2176882
2176883
2176884
2176885
2176886
2176887
2176888
2176889
2176890
2176891
2176892
2176893
2176894
2176895
2176896
2176897
2176898
2176899
2176900
2176901
2176902
2176903
2176904
2176905
2176906
2176907
2176908
2176909
2176910
2176911
2176912
2176913
2176914
2176915
2176916
2176917
2176918
2176919
2176920
2176921
2176922
2176923
2176924
2176925
2176926
2176927
2176928
2176929
2176930
2176931
2176932
2176933
2176934
2176935
2176936
2176937
2176938
2176939
2176940
2176941
2176942
2176943
2176944
2176945
2176946
2176947
2176948
2176949
2176950
2176951
2176952
2176953
2176954
2176955
2176956
2176957
2176958
2176959
2176960
2176961
2176962
2176963
2176964
2176965
2176966
2176967
2176968
2176969
2176970
2176971
2176972
2176973
2176974
2176975
2176976
2176986
2176987
2176988
2176989
2176990
2176991
2176992
2176993
2176994
2176995
2176997
2176998
2177000
2177001
2177002
2177003
2177004
2177005
2177006
2177007
2177008
2177009
2177010
2177011
2177022
2177023
2177024
2177025
2177026
2177027
2177028
2177029
2177030
2177031
2177032
2177033
2177034
2177035
2177036
2177037
2177038
2177039
2177040
2177041
2177042
2177043
2177044
2177045
2177046
2177047
2177048
2177049
2177050
2177051
2177052
2177053
2177054
2177055
2177056
2177057
2177058
2177059
2177060
2177061
2177062
2177063
2177064
2177065
2177066
2177067
2177068
2177069
2177070
2177071
2177072
2177073
2177074
2177075
2177076
2177077
2177078
2177079
2177080
2177081
2177082
2177083
2177084
2177085
2177086
2177087
2177088
2177089
2177090
2177091
2177092
2177093
2177094
2177095
2177096
2177097
2177098
2177099
2177100
2177101
2177102
2177103
2177104
2177105
2177106
2177107
2177108
2177109
2177110
2177111
2177112
2177113
2177114
2177115
2177116
2177117
2177118
2177119
2177120
2177121
2177122
2177123
2177124
2177125
2177126
2177127
2177128
2177129
2177130
2177131
2177132
2177133
2177134
2177135
2177136
2177137
2177138
2177139
2177140
2177141
2177142
2177143
2177144
2177145
2177146
2177147
2177148
2177149
2177150
2177151
2177152
2177153
2177154
2177155
2177156
2177157
2177158
2177159
2177160
2177161
2177162
2177163
2177164
2177165
2177166
2177167
2177168
2177169
2177170
2177171
2177172
2177173
2177174
2177175
2177176
2177177
2177178
2177179
2177180
2177181
2177182
2177183
2177184
2177185
2177186
2177187
2177188
2177189
2177190
2177191
2177192
2177193
2177194
2177195
2177196
2177197
2177198
2177199
2177200
2177201
2177202
2177203
2177204
2177205
2177206
2177207
2177208
2177209
2177210
2177211
2177212
2177213
2177214
2177215
2177216
2177217
2177218
2177219
2177220
2177221
2177222
2177223
2177224
2177225
2177226
2177227
2177228
2177229
2177230
2177231
2177232
2177233
2177234
2177235
2177236
2177237
2177238
2177239
2177240
2177241
2177242
2177243
2177244
2177245
2177246
2177247
2177248
2177249
2177250
2177251
2177252
2177253
2177254
2177255
2177256
2177257
2177258
2177259
2177260
2177261
2177262
2177263
2177264
2177265
2177266
2177267
2177268
2177269
2177270
2177271
2177272
2177273
2177274
2177275
2177276
2177277
2177278
2177279
2177280
2177281
2177282
2177283
2177284
2177285
2177286
2177287
2177288
2177289
2177290
2177291
2177292
2177293
2177315
2177316
2177317
2177318
2177319
2177320
2177321
2177322
2177324
2177325
2177326
2177327
2177328
2177329
2177330
2177331
2177346
2177347
2177348
2177351
2177352
2177353
2177354
2177355
2177356
2177357
2177358
2177359
2177360
2177361
2177362
2177363
2177364
2177365
2177366
2177367
2177368
2177369
2177370
2177371
2177372
2177373
2177374
2177375
2177376
2177377
2177378
2177379
2177380
2177381
2177382
2177383
2177384
2177385
2177386
2177387
2177388
2177389
2177390
2177391
2177392
2177393
2177394
2177395
2177396
2177397
2177398
2177399
2177400
2177401
2177402
2177403
2177404
2177405
2177406
2177407
2177408
2177409
2177410
2177411
2177412
2177413
2177414
2177415
2177416
2177417
2177418
2177419
2177420
2177421
2177422
2177423
2177424
2177425
2177426
2177427
2177428
2177429
2177430
2177431
2177432
2177433
2177434
2177435
2177436
2177437
2177438
2177439
2177440
2177441
2177442
2177443
2177444
2177445
2177446
2177447
2177448
2177449
2177450
2177451
2177452
2177453
2177454
2177455
2177456
2177457
2177458
2177459
2177460
2177461
2177462
2177463
2177464
2177465
2177466
2177467
2177468
2177469
2177470
2177471
2177472
2177473
2177474
2177475
2177476
2177477
2177478
2177479
2177480
2177481
2177482
2177483
2177484
2177485
2177486
2177487
2177488
2177489
2177490
2177491
2177492
2177493
2177494
2177495
2177496
2177497
2177498
2177499
2177500
2177501
2177502
2177503
2177504
2177505
2177506
2177507
2177508
2177509
2177510
2177511
2177512
2177513
2177514
2177515
2177516
2177517
2177518
2177519
2177520
2177521
2177522
2177523
2177524
2177525
2177526
2177527
2177528
2177529
2177530
2177531
2177532
2177533
2177534
2177535
2177536
2177537
2177538
2177539
2177540
2177541
2177542
2177543
2177544
2177545
2177546
2177547
2177548
2177549
2177550
2177551
2177552
2177553
2177554
2177555
2177556
2177557
2177558
2177559
2177560
2177561
2177562
2177563
2177564
2177565
2177566
2177567
2177568
2177569
2177570
2177571
2177572
2177573
2177574
2177575
2177577
2177578
2177579
2177580
2177581
2177582
2177583
2177584
2177585
2177586
2177587
2177588
2177589
2177590
2177591
2177592
2177593
2177594
2177595
2177596
2177597
2177598
2177599
2177600
2177601
2177602
2177603
2177604
2177605
2177606
2177607
2177608
2177616
2177617
2177618
2177621
2177638
2177639
2177640
2177641
2177642
2177643
2177644
2177645
2177646
2177647
2177648
2177649
2177650
2177651
2177652
2177653
2177654
2177655
2177656
2177657
2177658
2177659
2177660
2177661
2177662
2177663
2177664
2177665
2177666
2177667
2177668
2177669
2177670
2177671
2177672
2177673
2177674
2177675
2177676
2177677
2177678
2177679
2177680
2177681
2177682
2177683
2177684
2177685
2177686
2177687
2177688
2177689
2177690
2177691
2177692
2177693
2177694
2177695
2177696
2177697
2177698
2177699
2177700
2177701
2177702
2177703
2177704
2177705
2177706
2177707
2177708
2177709
2177710
2177711
2177712
2177713
2177714
2177715
2177716
2177717
2177718
2177719
2177720
2177721
2177722
2177723
2177724
2177725
2177726
2177727
2177728
2177729
2177730
2177731
2177732
2177733
2177734
2177735
2177736
2177737
2177738
2177739
2177740
2177741
2177742
2177743
2177744
2177745
2177746
2177747
2177748
2177749
2177750
2177751
2177752
2177753
2177754
2177755
2177756
2177757
2177758
2177759
2177760
2177761
2177762
2177763
2177764
2177765
2177766
2177767
2177768
2177769
2177770
2177771
2177772
2177773
2177774
2177775
2177776
2177777
2177778
2177779
2177780
2177781
2177782
2177783
2177784
2177785
2177786
2177787
2177788
2177789
2177790
2177791
2177792
2177793
2177794
2177795
2177796
2177797
2177798
2177799
2177800
2177801
2177802
2177803
2177804
2177805
2177806
2177808
2177809
2177810
2177811
2177812
2177813
2177814
2177815
2177816
2177817
2177818
2177819
2177820
2177821
2177822
2177823
2177824
2177825
2177826
2177827
2177828
2177829
2177830
2177831
2177832
2177833
2177834
2177835
2177836
2177837
2177838
2177839
2177874
2177875
2177876
2177877
2177878
2177879
2177880
2177881
2177882
2177893
2177894
2177895
2177896
2177918
2177919
2177920
2177921
2177922
2177923
2177924
2177925
2177926
2177927
2177928
2177929
2177930
2177931
2177932
2177933
2177948
2177949
2177950
2177951
2177952
2177953
2177954
2177955
2177956
2177957
2177958
2177959
2177960
2177961
2177962
2177963
2177964
2177965
2177966
2177967
2177968
2177969
2177971
2177972
2177983
2177984
2177985
2177986
2177987
2177988
2177989
2177990
2177991
2177992
2177993
2177994
2177995
2177996
2177997
2177998
2177999
2178000
2178002
2178003
2178005
2178006
2178007
2178008
2178030
2178031
2178032
2178033
2178034
2178035
2178036
2178037
2178038
2178039
2178040
2178041
2178042
2178043
2178044
2178045
2178054
2178055
2178056
2178057
2178496
2178497
2178498
2178499
2178501
2178502
2178505
2178506
2178507
2178508
2178509
2178510
2178511
2178513
2178514
2178515
2178516
2178520
2178521
2178522
2178523
2178525
2178526
2178527
2178528
2178532
2178533
2178534
2178537
2178538
2178539
2178540
2178548
2178549
2178550
2178551
2178552
2178556
2178557
2178558
2178559
2178560
2178561
2178562
2178563
2178566
2178569
2178573
2178574
2178575
2178576
2178577
2178578
2178579
2178580
2178583
2178586
2178587
2178588
2178589
2178590
2178591
2178592
2178593
2178594
2178595
2178596
2178600
2178601
2178602
2178603
2178604
2178605
2178606
2178607
2178610
2178613
2178617
2178618
2178619
2178620
2178621
2178622
2178623
2178624
2178627
2178630
2178631
2178632
2178633
2178634
2178635
2178636
2178637
2178638
2178639
2178640
2178641
2178642
2178643
2178644
2178645
2178646
2178647
2178656
2178657
2178660
2178661
2178662
2178663
2178664
2178665
2178666
2178668
2178669
2178670
2178671
2178675
2178676
2178677
2178678
2178679
2178682
2178683
2178684
2178685
2178686
2178688
2178689
2178690
2178691
2178695
2178696
2178697
2178698
2178700
2178701
2178702
2178703
2178707
2178708
2178709
2178712
2178713
2178714
2178715
2178716
2178717
2178718
2178720
2178721
2178722
2178723
2178727
2178728
2178729
2178732
2178733
2178734
2178735
2178750
2178751
2178752
2178753
2178754
2178755
2178756
2178757
2178758
2178759
2178760
2178761
2178762
2178763
2178764
2178765
2178766
2178767
2178768
2178772
2178773
2178774
2178775
2178776
2178777
2178778
2178779
2178782
2178785
2178789
2178790
2178791
2178792
2178793
2178794
2178795
2178796
2178799
2178802
2178803
2178804
2178805
2178806
2178807
2178808
2178809
2178810
2178811
2178812
2178816
2178817
2178818
2178819
2178820
2178821
2178822
2178823
2178824
2178829
2178833
2178834
2178835
2178836
2178837
2178838
2178839
2178840
2178841
2178846
2178847
2178848
2178849
2178857
2178858
2178859
2178860
2178863
2178864
2178865
2178866
2178867
2178869
2178870
2178871
2178872
2178876
2178877
2178878
2178879
2178881
2178882
2178883
2178884
2178888
2178889
2178890
2178893
2178894
2178895
2178896
2178904
2178905
2178906
2178907
2179661
2179662
2179667
2179669
2179670
2179671
2179672
2179673
2179674
2179676
2179677
2179679
2179680
2179681
2179682
2179683
2179684
2179685
2179686
2179687
2179688
2179689
2179690
2179691
2179692
2179693
2179694
2179695
2179696
2179698
2179699
2179700
2179701
2179702
2179703
2179705
2179706
2179707
2179708
2179709
2179710
2179712
2179713
2179714
2179715
2179716
2179717
2179719
2179720
2179721
2179722
2179723
2179724
2179725
2179726
2179727
2179728
2179729
2179730
2179731
2179732
2179733
2179743
2179744
2179745
2179746
2179747
2179766
2179767
2179772
2179774
2179775
2179776
2179777
2179778
2179779
2179781
2179782
2179783
2179784
2179785
2179786
2179787
2179788
2179789
2179790
2179809
2179810
2179815
2179817
2179818
2179819
2179820
2179821
2179822
2179824
2179825
2179826
2179827
2179828
2179829
2179830
2179831
2179832
2179833
2179840
2179841
2179846
2179848
2179849
2179850
2179851
2179852
2179853
2179855
2179856
2179858
2179859
2179860
2179861
2179862
2179863
2179874
2179875
2179876
2179877
2179878
2179879
2179880
2179881
2179882
2179883
2179884
2179885
2179886
2179887
2179888
2179889
2179891
2179892
2179893
2179894
2179895
2179896
2179898
2179899
2179900
2179901
2179902
2179903
2179904
2179905
2179906
2179907
2179908
2179909
2179910
2179911
2179912
2179913
2179915
2179916
2179917
2179918
2179919
2179920
2179922
2179923
2179924
2179925
2179926
2179927
2179929
2179930
2179931
2179932
2179933
2179934
2179936
2179937
2179938
2179939
2179940
2179941
2179942
2179943
2179944
2179945
2179946
2179947
2179948
2179949
2179950
2179951
2179953
2179954
2179955
2179956
2179957
2179958
2179960
2179961
2179962
2179963
2179964
2179965
2179966
2179967
2179968
2179969
2179970
2179971
2179972
2179973
2179974
2179984
2179985
2179986
2179987
2179988
2179999
2180000
2180001
2180002
2180021
2180022
2180027
2180029
2180030
2180031
2180032
2180033
2180034
2180036
2180037
2180038
2180039
2180040
2180041
2180042
2180043
2180044
2180045
2180058
2180059
2180064
2180066
2180067
2180068
2180069
2180070
2180071
2180073
2180074
2180075
2180076
2180077
2180078
2180079
2180080
2180081
2180082
2180089
2180090
2180095
2180097
2180098
2180099
2180100
2180101
2180102
2180104
2180105
2180116
2180117
2180118
2180119
2180120
2180121
2180122
2180123
2180124
2180125
2180126
2180127
2180128
2180129
2180130
2180131
2180132
2180133
2180135
2180136
2180137
2180138
2180139
2180140
2180142
2180143
2180144
2180145
2180146
2180147
2180149
2180150
2180151
2180152
2180153
2180154
2180156
2180157
2180158
2180159
2180160
2180161
2180162
2180163
2180164
2180165
2180166
2180167
2180168
2180169
2180170
2180181
2180182
2180183
2180184
2180185
2180186
2180187
2180200
2180201
2180206
2180208
2180209
2180210
2180211
2180212
2180213
2180215
2180216
2180395
2180396
2180397
2180398
2180402
2180403
2180404
2180405
2180426
2180427
2180428
2180429
2180440
2180441
2180442
2180443
2180444
2180445
2180446
2180447
2180448
2180449
2180450
2180451
2180461
2180462
2180463
2180464
2180465
2180466
2180467
2180468
2180479
2180480
2180481
2180482
2180503
2180504
2180505
2180506
2180507
2180508
2180509
2180510
2180517
2180518
2180519
2180520
2180669
2180670
2180671
2180673
2180677
2180679
2180680
2180681
2180686
2180688
2180689
2180690
2180695
2180696
2180697
2180699
2180700
2180701
2180703
2180708
2180709
2180710
2180712
2180717
2180718
2180719
2180723
2180725
2180726
2180727
2180731
2180733
2180734
2180735
2180740
2180742
2180743
2180744
2180749
2180751
2180752
2180753
2180758
2180759
2180760
2180762
2180767
2180768
2180769
2180771
2180772
2180773
2180775
2180780
2180781
2180782
2180786
2180788
2180789
2180790
2180795
2180797
2180798
2180799
2180801
2180806
2180807
2180808
2181307
2181308
2181310
2181311
2181312
2181313
2181314
2181315
2181316
2181317
2181318
2181319
2181320
2181321
2181322
2181323
2181324
2181325
2181326
2181327
2181328
2181332
2181333
2181334
2181335
2181336
2181337
2181338
2181339
2181340
2181341
2181346
2181347
2181349
2181350
2181351
2181352
2181353
2181354
2181355
2181356
2181357
2181374
2181375
2181376
2181377
2181378
2181383
2181384
2181385
2181386
2181391
2181392
2181393
2181394
2181395
2181396
2181397
2181398
2181399
2181404
2181405
2181406
2181407
2181412
2181413
2181414
2181415
2181424
2181425
2181426
2181427
2181428
2181433
2181434
2181435
2181436
2181441
2181442
2181443
2181444
2181445
2181446
2181447
2181448
2181449
2181454
2181455
2181456
2181457
2181462
2181463
2181464
2181465
2181470
2181471
2181473
2181474
2181475
2181476
2181477
2181478
2181479
2181480
2181481
2181486
2181487
2181489
2181490
2181491
2181492
2181493
2181494
2181495
2181496
2181497
2181498
2181499
2181500
2181501
2181502
2181503
2181504
2181505
2181506
2181507
2181511
2181512
2181513
2181514
2181515
2181516
2181517
2181518
2181519
2181520
2181524
2181525
2181526
2181527
2181528
2181529
2181530
2181531
2181532
2181533
2181537
2181538
2181539
2181540
2181541
2181542
2181543
2181544
2181545
2181546
2181551
2181552
2181554
2181555
2181556
2181557
2181558
2181559
2181560
2181561
2181562
2181563
2181564
2181566
2181567
2181568
2181569
2181570
2181571
2181572
2181573
2181574
2181583
2181584
2181585
2181586
2181587
2181592
2181593
2181594
2181595
2181600
2181601
2181602
2181603
2181604
2181605
2181606
2181607
2181608
2181613
2181614
2181615
2181616
2181621
2181622
2181623
2181624
2181641
2181642
2181643
2181644
2181645
2181650
2181651
2181652
2181653
2181658
2181659
2181660
2181661
2181662
2181663
2181664
2181665
2181666
2181671
2181672
2181673
2181674
2181679
2181680
2181681
2181682
2181687
2181688
2181690
2181691
2181692
2181693
2181694
2181695
2181696
2181697
2181698
2181702
2181703
2181704
2181705
2181706
2181707
2181708
2181709
2181710
2181711
2181715
2181716
2181717
2181718
2181719
2181720
2181721
2181722
2181723
2181724
2181725
2181726
2181728
2181729
2181730
2181731
2181732
2181733
2181734
2181735
2181736
2182553
2182554
2182555
2182556
2182557
2182558
2182560
2182562
2182563
2182564
2182565
2182566
2182573
2182574
2182575
2182576
2182579
2182580
2182581
2182582
2182583
2182585
2182587
2182588
2182589
2182590
2182591
2182593
2182594
2182596
2182597
2182598
2182600
2182601
2182602
2182603
2182606
2182608
2182609
2182611
2182612
2182614
2182615
2182616
2182618
2182619
2182620
2182621
2182624
2182626
2182627
2182629
2182630
2182632
2182633
2182634
2182635
2182636
2182638
2182639
2182641
2182643
2182644
2182645
2182646
2182647
2182654
2182655
2182656
2182657
2182660
2182661
2182662
2182663
2182664
2182666
2182667
2182668
2182669
2182670
2182671
2182672
2182673
2182674
2182675
2182676
2182677
2182678
2182679
2182680
2182681
2182682
2182685
2182690
2182691
2182692
2182697
2182698
2182699
2182705
2182706
2182707
2182708
2182709
2182710
2182711
2182712
2182713
2182714
2182715
2182716
2182717
2182720
2182725
2182726
2182727
2182732
2182733
2182734
2182740
2182741
2182742
2182744
2182745
2182746
2182747
2182748
2182749
2182751
2182752
2182753
2182754
2182755
2182756
2182757
2182758
2182759
2182760
2182761
2182762
2182763
2182764
2182765
2182766
2182769
2182774
2182775
2182776
2182781
2182782
2182783
2182789
2182790
2182791
2182792
2182793
2182794
2182795
2182796
2182797
2182798
2182799
2182800
2182801
2182804
2182809
2182810
2182811
2182816
2182817
2182818
2182824
2182825
2182826
2182827
2182828
2182829
2182830
2182831
2182832
2182834
2182835
2182836
2182837
2182838
2182839
2182841
2182842
2182843
2182844
2182845
2182846
2182847
2182848
2182849
2182850
2182851
2182852
2182854
2182856
2182857
2182858
2182859
2182860
2182867
2182868
2182869
2182870
2182873
2182874
2182875
2182876
2182877
2182879
2182881
2182883
2182884
2182885
2182886
2182887
2182894
2182895
2182896
2182897
2182900
2182901
2182902
2182903
2182904
2182906
2182908
2182909
2182910
2182911
2182912
2182914
2182915
2182917
2182918
2182919
2182921
2182922
2182923
2182924
2182927
2182929
2182930
2182932
2182933
2182934
2182935
2182937
2182938
2182939
2182941
2182942
2182944
2182945
2182946
2182948
2182949
2182950
2182951
2182954
2182956
2182957
2182959
2182960
2182962
2182963
2182964
2182966
2182967
2182968
2182969
2182972
2182974
2182975
2182977
2182978
2182980
2182981
2182982
2182983
2182984
2182986
2182987
2182989
2182990
2182991
2182993
2182994
2182995
2182996
2182999
2183001
2183002
2183004
2183005
2183007
2183008
2183009
2183010
2183011
2183013
2183014
2183016
2183018
2183019
2183020
2183021
2183022
2183029
2183030
2183031
2183032
2183035
2183036
2183037
2183038
2183039
2183041
2183043
2183044
2183046
2183047
2183048
2183049
2183056
2183057
2183058
2183059
2183062
2183063
2183064
2183065
2183066
2183068
2183069
2183070
2183071
2183072
2183073
2183074
2183076
2183077
2183078
2183079
2183080
2183081
2183083
2183084
2183085
2183086
2183087
2183088
2183089
2183090
2183091
2183092
2183093
2183094
2183095
2183096
2183097
2183098
2183099
2183100
2183101
2183102
2183103
2183104
2183107
2183112
2183113
2183114
2183119
2183120
2183121
2183127
2183128
2183129
2183130
2183131
2183132
2183133
2183134
2183135
2183136
2183137
2183138
2183139
2183142
2183147
2183148
2183149
2183154
2183155
2183156
2183162
2183163
2183164
2183166
2183167
2183168
2183169
2183170
2183171
2183173
2183174
2183175
2183176
2183177
2183178
2183179
2183180
2183181
2183182
2183183
2183184
2183185
2183186
2183187
2183188
2183191
2183194
2183197
2183198
2183203
2183204
2183205
2183211
2183212
2183213
2183214
2183215
2183216
2183217
2183218
2183219
2183220
2183221
2183222
2183223
2183226
2183229
2183232
2183233
2183238
2183239
2183240
2183246
2183247
2183248
2183249
2183250
2183251
2183252
2183253
2183254
2183256
2183258
2183259
2183260
2183261
2183262
2183269
2183270
2183271
2183272
2183275
2183276
2183277
2183278
2183279
2183281
2183282
2183283
2183285
2183286
2183287
2183289
2183290
2183292
2183293
2183294
2183296
2183297
2183298
2183299
2183302
2183304
2183305
2183307
2183308
2183310
2183311
2183312
2183314
2183315
2183316
2183317
2183320
2183322
2183323
2183325
2183326
2183328
2183329
2183330
2183331
2183332
2183334
2183335
2183337
2183338
2183340
2183341
2183342
2183343
2183350
2183351
2183352
2183353
2183356
2183357
2183358
2183359
2183360
2183362
2183363
2183364
2183365
2183366
2183367
2183368
2183689
2183690
2183691
2183692
2183694
2183697
2183698
2183699
2183700
2183701
2183702
2183706
2183707
2183708
2183709
2183710
2183714
2183715
2183716
2183717
2183718
2183719
2183720
2183722
2183723
2183724
2183725
2183728
2183732
2183733
2183734
2183735
2183736
2183737
2183738
2183740
2183741
2183742
2183743
2183746
2183747
2183748
2183749
2183750
2183752
2183755
2183756
2183757
2183758
2183759
2183760
2183764
2183765
2183766
2183767
2183768
2183769
2183771
2183774
2183775
2183776
2183777
2183778
2183779
2183783
2183784
2183785
2183786
2183787
2183788
2183789
2183790
2183791
2183793
2183796
2183797
2183798
2183799
2183800
2183801
2183805
2183806
2183807
2183808
2183809
2183810
2183811
2183812
2183816
2183817
2183818
2183819
2183820
2183821
2183822
2183824
2183825
2183826
2183827
2183830
2183834
2183835
2183836
2183837
2183838
2183839
2183840
2183842
2183843
2183844
2183845
2183848
2183852
2183853
2183854
2183855
2183856
2183857
2183858
2183860
2183861
2183862
2183863
2183866
2183870
2183871
2183872
2183873
2183874
2183875
2183876
2183878
2183879
2183880
2183881
2183884
2183885
2183886
2183887
2183888
2183890
2183893
2183894
2183895
2183896
2183897
2183898
2183902
2183903
2183904
2183905
2183906
2183907
2183908
2183909
2183910
2183911
2183913
2183916
2183917
2183918
2183919
2183920
2183924
2183925
2183926
2183927
2183928
2183929
2183931
2183934
2183935
2183936
2183937
2183938
2183939
2183943
2183944
2183945
2183946
2183947
2183948
2183949
2183950
2183954
2183955
2183956
2183957
2183958
2183959
2183960
2183962
2183963
2183964
2183965
2183968
2183972
2183973
2183974
2183975
2183976
2183977
2183978
2183980
2183981
2183982
2183983
2183986
2183987
2183988
2183990
2183993
2183994
2183995
2183996
2183997
2184001
2184002
2184003
2184004
2184005
2184006
2184007
2184008
2184969
2184970
2184971
2184973
2184976
2184977
2184978
2184979
2184981
2184982
2184984
2184985
2184986
2184987
2184988
2184989
2184990
2184991
2184992
2184993
2184995
2184996
2184997
2184998
2185000
2185001
2185002
2185003
2185004
2185005
2185006
2185007
2185008
2185009
2185010
2185011
2185012
2185013
2185014
2185015
2185016
2185017
2185018
2185019
2185020
2185021
2185023
2185024
2185025
2185026
2185028
2185029
2185030
2185032
2185033
2185035
2185036
2185037
2185039
2185040
2185042
2185043
2185045
2185047
2185048
2185049
2185051
2185052
2185054
2185055
2185057
2185059
2185060
2185061
2185063
2185064
2185066
2185067
2185069
2185071
2185072
2185073
2185075
2185076
2185078
2185079
2185081
2185082
2185083
2185084
2185085
2185086
2185087
2185088
2185089
2185090
2185091
2185092
2185093
2185095
2185096
2185097
2185098
2185100
2185101
2185102
2185104
2185105
2185106
2185107
2185108
2185109
2185110
2185111
2185112
2185113
2185114
2185116
2185119
2185120
2185121
2185122
2185124
2185125
2185127
2185128
2185129
2185130
2185131
2185132
2185133
2185134
2185135
2185136
2185138
2185139
2185140
2185141
2185143
2185144
2185145
2185146
2185147
2185148
2185149
2185150
2185152
2185153
2185154
2185155
2185158
2185161
2185162
2185163
2185164
2185166
2185167
2185168
2185169
2185172
2185178
2185179
2185180
2185181
2185183
2185184
2185185
2185186
2185189
2185192
2185193
2185194
2185195
2185197
2185198
2185199
2185200
2185203
2185209
2185210
2185211
2185212
2185214
2185215
2185216
2185217
2185220
2185223
2185224
2185225
2185226
2185228
2185229
2185230
2185231
2185234
2185240
2185241
2185242
2185243
2185245
2185246
2185247
2185248
2185251
2185254
2185255
2185256
2185257
2185259
2185260
2185261
2185262
2185265
2185271
2185272
2185273
2185275
2185278
2185279
2185280
2185281
2185283
2185284
2185286
2185287
2185288
2185289
2185290
2185291
2185292
2185293
2185294
2185295
2185297
2185298
2185299
2185300
2185302
2185303
2185304
2185305
2185306
2185307
2185308
2185310
2185313
2185314
2185315
2185316
2185318
2185319
2185321
2185322
2185323
2185324
2185325
2185326
2185327
2185328
2185329
2185330
2185332
2185333
2185334
2185335
2185337
2185338
2185339
2185340
2185341
2185342
2185343
2185344
2185345
2185346
2185347
2185348
2185349
2185350
2185351
2185352
2185353
2185354
2185355
2185356
2185357
2185358
2185359
2185360
2185361
2185362
2185363
2185364
2185366
2185367
2185368
2185369
2185371
2185372
2185373
2185375
2185376
2185378
2185379
2185380
2185382
2185383
2185385
2185386
2185388
2185390
2185391
2185392
2185394
2185395
2185397
2185398
2185400
2185401
2185402
2185403
2185404
2185405
2185406
2185407
2185408
2185409
2185410
2185411
2185412
2185414
2185415
2185416
2185417
2185419
2185420
2185421
2185423
2185424
2185426
2185427
2185428
2185430
2185431
2185433
2185434
2185436
2185438
2185439
2185440
2185442
2185443
2185445
2185446
2185448
2185450
2185451
2185452
2185454
2185455
2185457
2185458
2185460
2185462
2185463
2185464
2185466
2185467
2185469
2185470
2185472
2185473
2185474
2185475
2185476
2185477
2185478
2185479
2185480
2185481
2185482
2185483
2185484
2185486
2185487
2185488
2185489
2185491
2185492
2185493
2185495
2185496
2185498
2185499
2185500
2185502
2185503
2185505
2185506
2185508
2185510
2185511
2185512
2185514
2185515
2185517
2185518
2185520
2185521
2185522
2185523
2185524
2185525
2185526
2185527
2185528
2185529
2185530
2185531
2185532
2185534
2185535
2185536
2185537
2185539
2185540
2185541
2185543
2185544
2185545
2185546
2185547
2185548
2185549
2185550
2185551
2185552
2185553
2185554
2185555
2185556
2185557
2185558
2185559
2185561
2185564
2185565
2185566
2185567
2185569
2185570
2185572
2185573
2185574
2185575
2185576
2185577
2185578
2185579
2185580
2185581
2185583
2185584
2185585
2185586
2185588
2185589
2185590
2185591
2185592
2185593
2185594
2185596
2185599
2185600
2185601
2185602
2185604
2185605
2185607
2185608
2185609
2185610
2185611
2185612
2185613
2185614
2185615
2185616
2185618
2185619
2185620
2185621
2185623
2185624
2185625
2185626
2185627
2185628
2185629
2185630
2185632
2185633
2185634
2185635
2185638
2185641
2185642
2185643
2185644
2185646
2185647
2185648
2185649
2185652
2185658
2185659
2185660
2185661
2185663
2185664
2185665
2185666
2185669
2185672
2185673
2185674
2185675
2185677
2185678
2185679
2185680
2185683
2185689
2185690
2185691
2185692
2185694
2185695
2185696
2185697
2185700
2185703
2185704
2185705
2185706
2185708
2185709
2185710
2185711
2185714
2185720
2185721
2185722
2185723
2185725
2185726
2185727
2185728
2185731
2185734
2185735
2185736
2185737
2185739
2185740
2185741
2185742
2185745
2185751
2185752
2185753
2185755
2185758
2185759
2185760
2185761
2185763
2185764
2185766
2185767
2185768
2185769
2185770
2185771
2185772
2185773
2185774
2185775
2185777
2185778
2185779
2185780
2185782
2185783
2185784
2185785
2185786
2185787
2185788
2185789
2185790
2185791
2185792
2185793
2185794
2185795
2185796
2185797
2185798
2185799
2185800
2185801
2185802
2185803
2185805
2185806
2185807
2185808
2185810
2185811
2185812
2185814
2185815
2185817
2185818
2185819
2185821
2185822
2185824
2185825
2185827
2185829
2185830
2185831
2185833
2185834
2185836
2185837
2185839
2185841
2185842
2185843
2185845
2185846
2185848
2185849
2185851
2185853
2185854
2185855
2185857
2185858
2185860
2185861
2185863
2185864
2185865
2185866
2185867
2185868
2185869
2185870
2185871
2185872
2185873
2185874
2185875
2185877
2185878
2185879
2185880
2185882
2185883
2185884
2185886
2185887
2185888
2185889
2185890
2185891
2185892
2185893
2185894
2185895
2185896
2185898
2185901
2185902
2185903
2185904
2185906
2185907
2185909
2185910
2185911
2185912
2185913
2185914
2185915
2185916
2185917
2185918
2185920
2185921
2185922
2185923
2185925
2185926
2185927
2185928
2185997
2185998
2185999
2186000
2186001
2186002
2186011
2186012
2186013
2186014
2186015
2186016
2186017
2186018
2186019
2186020
2186021
2186022
2186031
2186032
2186033
2186034
2186035
2186036
2186137
2186138
2186139
2186140
2186141
2186142
2186143
2186144
2186145
2186146
2186147
2186148
2186149
2186150
2186151
2186152
2186153
2186154
2186155
2186156
2186157
2186158
2186159
2186160
2186161
2186162
2186163
2186164
2186165
2186166
2186167
2186168
2186169
2186170
2186171
2186172
2186173
2186174
2186175
2186176
2186177
2186178
2186179
2186180
2186181
2186182
2186183
2186184
2186185
2186186
2186187
2186188
2186189
2186190
2186191
2186192
2186193
2186194
2186195
2186196
2186197
2186198
2186199
2186200
2186201
2186202
2186203
2186204
2186205
2186206
2186207
2186208
2186209
2186210
2186211
2186212
2186213
2186214
2186215
2186216
2186497
2186500
2186501
2186503
2186504
2186505
2186507
2186508
2186510
2186511
2186513
2186515
2186516
2186517
2186518
2186519
2186521
2186522
2186523
2186524
2186527
2186529
2186530
2186532
2186533
2186534
2186535
2186538
2186540
2186541
2186543
2186544
2186547
2186548
2186550
2186551
2186552
2186554
2186555
2186557
2186558
2186560
2186562
2186563
2186564
2186565
2186566
2186567
2186568
2186570
2186572
2186573
2186574
2186575
2186576
2186577
2186580
2186581
2186583
2186584
2186585
2186587
2186588
2186590
2186591
2186593
2186595
2186596
2186597
2186598
2186599
2186600
2186603
2186604
2186606
2186607
2186608
2186610
2186611
2186614
2186615
2186616
2186617
2186620
2186622
2186623
2186625
2186626
2186627
2186628
2186631
2186633
2186634
2186636
2186637
2186638
2186639
2186642
2186644
2186645
2186647
2186649
2186650
2186651
2186652
2186655
2186657
2186658
2186660
2186661
2186664
2186665
2186667
2186668
2186669
2186671
2186672
2186674
2186675
2186677
2186679
2186680
2186681
2186682
2186683
2186684
2186687
2186688
2186690
2186691
2186692
2186694
2186695
2186697
2186698
2186700
2186702
2186703
2186704
2186705
2186706
2186707
2186708
2186710
2186712
2186713
2186714
2186715
2186716
2186717
2186720
2186721
2186723
2186724
2186725
2186727
2186728
2186731
2186732
2186733
2186734
2186737
2186739
2186740
2186742
2186743
2186744
2186745
2186748
2186750
2186751
2186753
2186754
2186755
2186757
2186759
2186760
2186761
2186762
2186763
2186764
2186767
2186768
2186770
2186771
2186772
2186774
2186775
2186963
2186966
2186967
2186968
2186969
2186971
2186972
2186973
2186974
2186975
2186976
2186979
2186980
2186981
2186982
2186983
2186984
2186985
2186986
2186989
2186990
2186991
2186992
2186993
2186996
2186999
2187000
2187001
2187002
2187004
2187005
2187006
2187009
2187012
2187013
2187014
2187015
2187017
2187018
2187019
2187022
2187025
2187026
2187027
2187028
2187030
2187031
2187032
2187033
2187034
2187035
2187038
2187039
2187040
2187041
2187042
2187043
2187044
2187045
2187048
2187049
2187050
2187051
2187052
2187053
2187054
2187055
2187058
2187059
2187060
2187061
2187062
2187063
2187064
2187065
2187068
2187069
2187070
2187071
2187072
2187075
2187078
2187079
2187080
2187081
2187083
2187084
2187085
2187088
2187091
2187092
2187093
2187094
2187096
2187097
2187098
2187101
2187104
2187105
2187106
2187107
2187109
2187110
2187111
2187112
2187113
2187114
2187117
2187118
2187119
2187120
2187121
2187122
2187123
2187124
2187127
2187128
2187129
2187130
2187131
2187134
2187137
2187138
2187139
2187140
2187142
2187143
2187144
2187497
2187498
2187499
2187501
2187503
2187504
2187505
2187507
2187511
2187512
2187514
2187515
2187518
2187519
2187521
2187522
2187524
2187525
2187526
2187528
2187529
2187530
2187531
2187533
2187534
2187535
2187536
2187539
2187540
2187541
2187542
2187543
2187545
2187547
2187548
2187549
2187551
2187555
2187556
2187558
2187559
2187562
2187563
2187565
2187566
2187568
2187569
2187570
2187572
2187573
2187574
2187575
2187577
2187578
2187579
2187580
2187583
2187584
2187585
2187586
2187587
2187589
2187591
2187592
2187593
2187595
2187599
2187600
2187602
2187603
2187606
2187607
2187609
2187610
2187612
2187613
2187614
2187616
2187617
2187618
2187619
2187621
2187622
2187623
2187624
2187627
2187628
2187629
2187630
2187631
2187633
2187635
2187636
2187637
2187639
2187643
2187644
2187646
2187647
2187650
2187651
2187653
2187654
2187656
2187657
2187658
2187660
2187661
2187662
2187663
2187665
2187666
2187667
2187668
2187671
2187672
2187673
2187674
2187675
2187677
2187679
2187680
2187681
2187683
2187687
2187688
2187690
2187691
2187694
2187695
2187697
2187698
2187700
2187701
2187702
2187704
2187705
2187706
2187707
2187709
2187710
2187711
2187712
2187715
2187716
2187717
2187718
2187719
2187721
2187722
2187723
2187725
2187727
2187731
2187732
2187734
2187735
2187738
2187739
2187741
2187742
2187744
2187745
2187746
2187748
2187749
2187750
2187751
2187753
2187754
2187755
2187756
2187759
2187760
2187761
2187762
2187763
2187765
2187767
2187768
2187769
2187771
2187775
2187776
2187778
2187779
2187782
2187783
2187785
2187786
2187788
2187789
2187790
2187792
2187793
2187794
2187795
2187797
2187798
2187799
2187800
2187803
2187804
2187805
2187806
2187807
2187809
2187810
2187811
2187813
2187815
2187819
2187820
2187822
2187823
2187826
2187827
2187829
2187830
2187832
2187833
2187834
2187836
2187837
2187838
2187839
2187841
2187842
2187843
2187844
2187847
2187848
2188377
2188378
2188382
2188383
2188384
2188385
2188386
2188387
2188388
2188389
2188390
2188392
2188393
2188394
2188395
2188396
2188397
2188398
2188401
2188405
2188406
2188407
2188408
2188409
2188411
2188413
2188414
2188415
2188417
2188418
2188419
2188420
2188422
2188423
2188424
2188425
2188427
2188428
2188429
2188430
2188431
2188434
2188435
2188436
2188437
2188438
2188439
2188440
2188441
2188442
2188444
2188445
2188446
2188448
2188449
2188450
2188451
2188453
2188454
2188455
2188456
2188458
2188459
2188460
2188461
2188462
2188465
2188466
2188467
2188468
2188469
2188470
2188471
2188472
2188473
2188474
2188475
2188479
2188480
2188481
2188482
2188483
2188484
2188485
2188486
2188487
2188489
2188490
2188491
2188492
2188493
2188494
2188495
2188498
2188502
2188503
2188504
2188505
2188506
2188508
2188509
2188510
2188514
2188515
2188516
2188517
2188518
2188519
2188520
2188521
2188522
2188524
2188525
2188526
2188527
2188528
2188529
2188530
2188533
2188537
2188538
2188539
2188540
2188541
2188543
2188544
2188545
2188549
2188550
2188551
2188552
2188553
2188554
2188555
2188556
2188557
2188559
2188560
2188561
2188562
2188563
2188564
2188565
2188568
2188572
2188573
2188574
2188575
2188576
2188578
2188580
2188581
2188582
2188584
2188585
2188586
2188587
2188589
2188590
2188591
2188592
2188594
2188595
2188596
2188597
2188598
2188601
2188602
2188603
2188604
2188605
2188606
2188607
2188608
2188609
2188611
2188612
2188613
2188615
2188616
2188617
2188618
2188620
2188621
2188622
2188623
2188625
2188626
2188627
2188628
2188629
2188632
2188633
2188634
2188635
2188636
2188637
2188638
2188639
2188640
2188642
2188643
2188644
2188646
2188647
2188648
2188649
2188651
2188652
2188653
2188654
2188656
2188657
2188658
2188659
2188660
2188663
2188664
2188665
2188666
2188667
2188668
2188669
2188670
2188671
2188673
2188674
2188675
2188677
2188678
2188679
2188680
2188682
2188683
2188684
2188685
2188687
2188688
2188689
2188690
2188691
2188694
2188695
2188696
2188697
2188698
2188699
2188700
2188701
2188702
2188703
2188704
2188708
2188709
2188710
2188711
2188712
2188713
2188714
2188715
2188716
2188718
2188719
2188720
2188721
2188722
2188723
2188724
2188727
2188731
2188732
2188733
2188734
2188735
2188737
2188738
2188739
2188743
2188744
2188745
2188746
2188747
2188748
2188749
2188750
2188751
2188752
2188754
2188755
2188756
2188757
2188758
2188759
2188762
2188766
2188767
2188768
2188769
2188770
2188772
2188773
2188774
2188778
2188779
2188780
2188781
2188782
2188783
2188784
2188785
2188786
2188788
2188789
2188790
2188791
2188792
2188793
2188794
2188797
2188801
2188802
2188803
2188804
2188805
2188807
2188809
2188810
2188811
2188813
2188814
2188815
2188816
2188818
2188819
2188820
2188821
2188823
2188824
2188825
2188826
2188827
2188830
2188831
2188832
2188833
2188834
2188835
2188836
2188837
2188838
2188840
2188841
2188842
2188844
2188845
2188846
2188847
2188849
2188850
2188851
2188852
2188854
2188855
2188856
2188857
2188858
2188861
2188862
2188863
2188864
2188865
2188866
2188867
2188868
2188869
2188870
2188871
2188875
2188876
2188877
2188878
2188879
2188880
2188881
2188882
2188883
2188884
2188886
2188887
2188888
2188889
2188890
2188891
2188894
2188898
2188899
2188900
2188901
2188902
2188904
2188945
2188946
2188947
2188948
2188949
2188950
2188955
2188956
2188957
2188958
2188959
2188960
2188965
2188966
2188967
2188968
2188969
2188970
2188975
2188976
2188977
2188978
2188979
2188980
2189065
2189066
2189067
2189068
2189069
2189070
2189075
2189076
2189077
2189078
2189079
2189080
2189085
2189086
2189087
2189088
2189089
2189090
2189095
2189096
2189097
2189098
2189099
2189100
2189105
2189106
2189107
2189108
2189109
2189110
2189115
2189116
2189117
2189118
2189119
2189120
2189125
2189126
2189127
2189128
2189129
2189130
2189135
2189136
2189137
2189138
2189139
2189140
2189237
2189238
2189239
2189240
2189243
2189244
2189245
2189246
2189267
2189268
2189269
2189270
2189271
2189272
2189273
2189274
2189281
2189282
2189283
2189284
2189285
2189286
2189287
2189288
2189309
2189310
2189311
2189312
2189317
2189318
2189319
2189320
2189385
2189386
2189387
2189388
2189389
2189390
2189391
2189392
2189393
2189394
2189395
2189396
2189397
2189398
2189399
2189400
2189401
2189402
2189403
2189404
2189405
2189406
2189407
2189408
2189409
2189410
2189411
2189412
2189413
2189414
2189415
2189416
2189417
2189418
2189419
2189420
2189421
2189422
2189423
2189424
2189425
2189426
2189427
2189428
2189429
2189430
2189431
2189432
2189433
2189434
2189435
2189436
2189437
2189438
2189439
2189440
2189441
2189442
2189443
2189444
2189445
2189446
2189447
2189448
2189836
2189837
2189838
2189839
2189841
2189842
2189843
2189844
2189845
2189846
2189847
2189848
2189849
2189850
2189851
2189852
2189853
2189854
2189855
2189856
2189857
2189858
2189859
2189860
2189861
2189862
2189863
2189864
2189865
2189866
2189867
2189868
2189869
2189870
2189871
2189872
2189873
2189874
2189875
2189876
2189877
2189878
2189879
2189880
2189881
2189882
2189883
2189884
2189885
2189886
2189887
2189888
2189889
2189890
2189893
2189894
2189895
2189896
2189903
2189904
2189905
2189906
2189907
2189908
2189909
2189910
2189911
2189912
2189913
2189914
2189915
2189916
2189917
2189918
2189919
2189920
2189921
2189922
2189923
2189924
2189925
2189926
2189930
2189931
2189932
2189933
2189934
2189935
2189936
2189937
2189938
2189939
2189940
2189941
2189942
2189943
2189944
2189945
2189948
2189949
2189950
2189951
2189952
2189953
2189954
2189955
2189956
2189957
2189958
2189959
2189960
2189961
2189962
2189963
2189965
2189966
2189967
2189968
2189969
2189970
2189971
2189972
2189973
2189974
2189975
2189976
2189977
2189979
2189980
2189981
2189982
2189983
2189984
2189985
2189986
2189987
2189988
2189989
2189990
2189991
2189992
2189993
2189994
2189995
2189996
2189997
2189998
2189999
2190000
2190001
2190002
2190003
2190004
2190005
2190006
2190007
2190008
2190009
2190010
2190011
2190012
2190013
2190014
2190015
2190016
2190017
2190018
2190019
2190020
2190021
2190022
2190023
2190024
2190025
2190026
2190027
2190028
2190029
2190030
2190031
2190032
2190033
2190034
2190035
2190036
2190037
2190038
2190039
2190040
2190041
2190042
2190043
2190044
2190045
2190046
2190047
2190048
2190049
2190050
2190051
2190052
2190054
2190055
2190056
2190057
2190058
2190059
2190060
2190061
2190062
2190063
2190064
2190065
2190066
2190069
2190070
2190071
2190072
2190073
2190074
2190075
2190076
2190077
2190078
2190079
2190080
2190083
2190084
2190085
2190086
2190090
2190091
2190092
2190093
2190094
2190095
2190096
2190097
2190098
2190099
2190100
2190101
2190102
2190103
2190104
2190105
2190106
2190107
2190108
2190109
2190110
2190111
2190112
2190113
2190120
2190121
2190122
2190123
2190124
2190125
2190126
2190127
2190128
2190129
2190130
2190131
2190132
2190133
2190134
2190135
2190136
2190137
2190138
2190139
2190141
2190142
2190143
2190144
2190145
2190146
2190147
2190148
2190149
2190150
2190151
2190152
2190153
2190154
2190155
2190156
2190157
2190158
2190159
2190160
2190161
2190162
2190163
2190164
2190165
2190166
2190167
2190168
2190169
2190170
2190171
2190172
2190173
2190174
2190175
2190176
2190178
2190179
2190180
2190181
2190182
2190183
2190184
2190185
2190186
2190187
2190188
2190189
2190190
2190193
2190194
2190195
2190196
2190341
2190342
2190345
2190346
2190347
2190348
2190349
2190350
2190351
2190352
2190353
2190354
2190355
2190356
2190357
2190358
2190359
2190360
2190361
2190362
2190363
2190366
2190367
2190368
2190369
2190370
2190371
2190372
2190373
2190374
2190375
2190376
2190377
2190378
2190379
2190380
2190381
2190382
2190383
2190384
2190387
2190388
2190389
2190390
2190391
2190392
2190393
2190394
2190395
2190396
2190397
2190398
2190399
2190402
2190403
2190404
2190405
2190406
2190407
2190408
2190409
2190410
2190411
2190412
2190413
2190414
2190415
2190416
2190417
2190418
2190419
2190420
2190423
2190424
2190425
2190426
2190427
2190428
2190429
2190430
2190431
2190432
2190433
2190434
2190435
2190438
2190439
2190440
2190441
2190442
2190443
2190444
2190445
2190446
2190447
2190448
2190449
2190450
2190451
2190452
2190453
2190454
2190455
2190456
2190459
2190460
2190461
2190462
2190463
2190464
2190465
2190466
2190467
2190468
2190469
2190470
2190471
2190472
2190473
2190474
2190475
2190476
2190477
2190480
2190481
2190482
2190483
2190484
2190557
2190558
2190559
2190560
2190561
2190562
2190563
2190564
2190565
2190566
2190567
2190568
2190571
2190574
2190577
2190580
2190581
2190582
2190583
2190584
2190585
2190586
2190587
2190588
2190589
2190590
2190591
2190592
2190593
2190594
2190595
2190596
2190597
2190598
2190599
2190600
2190601
2190602
2190603
2190604
2190607
2190610
2190613
2190616
2190617
2190618
2190619
2190620
2190621
2190622
2190623
2190624
2190625
2190626
2190627
2190628
2190677
2190678
2190679
2190680
2190681
2190682
2190683
2190684
2190685
2190686
2190687
2190688
2190689
2190690
2190691
2190692
2190693
2190694
2190695
2190696
2190697
2190698
2190699
2190700
2190701
2190702
2190703
2190704
2190705
2190706
2190707
2190708
2190709
2190710
2190711
2190712
2190713
2190714
2190715
2190716
2190717
2190718
2190719
2190720
2190721
2190722
2190723
2190724
2190773
2190774
2190775
2190776
2190777
2190778
2190779
2190780
2190781
2190782
2190783
2190784
2190785
2190786
2190787
2190788
2190789
2190790
2190791
2190792
2190793
2190794
2190795
2190796
2190797
2190798
2190799
2190800
2190801
2190802
2190803
2190804
2190805
2190806
2190807
2190808
2190809
2190810
2190811
2190812
2190813
2190814
2190815
2190816
2190817
2190818
2190819
2190820
2190869
2190870
2190871
2190872
2190873
2190874
2190875
2190876
2190877
2190878
2190879
2190880
2190881
2190882
2190883
2190884
2190885
2190886
2190887
2190888
2190889
2190890
2190891
2190892
2190893
2190894
2190895
2190896
2190897
2190898
2190899
2190900
2190901
2190902
2190903
2190904
2190905
2190906
2190907
2190908
2190909
2190910
2190911
2190912
2190913
2190914
2190915
2190916
2191079
2191080
2191081
2191082
2191083
2191084
2191085
2191086
2191087
2191088
2191089
2191090
2191092
2191093
2191094
2191095
2191096
2191097
2191098
2191099
2191101
2191102
2191103
2191104
2191105
2191108
2191109
2191110
2191111
2191112
2191113
2191114
2191115
2191116
2191117
2191118
2191119
2191120
2191121
2191122
2191123
2191124
2191125
2191128
2191129
2191130
2191131
2191132
2191133
2191134
2191135
2191136
2191139
2191140
2191141
2191143
2191144
2191145
2191146
2191147
2191148
2191149
2191150
2191152
2191153
2191154
2191155
2191156
2191157
2191158
2191159
2191161
2191162
2191163
2191164
2191165
2191166
2191167
2191168
2191170
2191171
2191172
2191173
2191174
2191177
2191178
2191179
2191180
2191181
2191182
2191183
2191184
2191185
2191188
2191189
2191190
2191191
2191192
2191193
2191194
2191195
2191196
2191197
2191198
2191199
2191200
2191201
2191202
2191203
2191204
2191205
2191208
2191209
2191210
2191212
2191213
2191214
2191215
2191216
2191217
2191218
2191219
2191221
2191222
2191223
2191224
2191225
2191226
2191227
2191228
2191229
2191230
2191231
2191232
2191233
2191234
2191270
2191271
2191274
2191275
2191278
2191279
2191282
2191283
2191286
2191287
2191290
2191291
2191294
2191295
2191298
2191299
2191485
2191486
2191487
2191488
2191493
2191494
2191495
2191500
2191501
2191502
2191507
2191508
2191509
2191514
2191515
2191516
2191517
2191518
2191519
2191520
2191521
2191522
2191523
2191524
2191529
2191530
2191531
2191536
2191537
2191538
2191543
2191544
2191545
2191550
2191551
2191552
2191553
2191554
2191555
2191556
2191677
2191678
2191679
2191680
2191681
2191682
2191683
2191684
2191685
2191686
2191687
2191688
2191689
2191690
2191691
2191692
2191693
2191694
2191695
2191696
2191697
2191698
2191699
2191700
2320561
2320562
2320563
2320564
2320565
2320566
2320567
2320568
2320569
2320570
2320571
2320580
2320581
2320582
2320583
2320584
2320585
2320586
2320587
2320588
2320589
2320597
2320598
2320607
2320608
2320609
2320610
2320611
2320612
2320613
2320614
2320629
2320630
2320631
2320632
2320633
2320634
2320635
2320636
2320637
2320638
2320639
2320672
2320673
2320674
2320675
2320676
2320677
2320678
2320679
2320680
2320681
2320682
2320683
2320684
2320685
2320686
2320687
2320688
2320689
2320690
2320691
2320692
2320693
2320694
2320695
2320696
2320697
2320698
2320699
2320700
2320701
2320702
2320703
2320704
2320705
2320706
2320707
2320708
2320709
2320710
2320711
2320712
2320713
2320714
2320715
2320716
2320717
2320718
2320719
2320720
2320721
2320722
2320723
2320724
2320725
2320726
2320727
2320728
2320729
2320730
2320731
2320732
2320733
2320734
2320735
2320736
2320737
2320738
2320739
2320740
2320741
2320742
2320743
2320744
2320745
2320746
2320747
2320748
2320749
2320750
2320751
2320752
2320753
2320754
2320755
2320756
2320757
2320758
2320759
2320760
2320761
2320762
2320763
2320764
2320765
2320766
2320775
2320776
2320777
2320809
2320810
2320811
2320812
2320813
2320814
2320815
2320816
2320817
2320818
2320819
2320820
2320821
2320822
2320823
2320824
2320825
2320826
2320827
2320828
2320829
2320830
2320831
2320832
2320833
2320834
2320835
2320836
2320837
2320838
2320839
2320840
2320841
2320842
2320843
2320844
2320845
2320846
2320847
2320848
2320849
2320850
2320851
2320852
2320853
2320854
2320855
2320856
2320857
2320858
2320859
2320860
2320861
2320862
2320863
2320864
2320865
2320866
2320867
2320868
2320869
2320870
2320871
2320872
2320873
2320874
2320875
2320876
2320877
2320878
2320879
2320880
2320881
2320882
2320883
2320884
2320885
2320886
2320887
2320888
2320889
2320890
2320891
2320892
2320893
2320894
2320895
2320896
2320897
2320898
2320899
2320900
2320901
2320902
2320903
2320904
2320905
2320906
2320907
2320908
2320909
2320910
2320911
2320912
2320913
2320914
2320915
2320916
2320917
2320918
2320919
2320920
2320921
2320922
2320923
2320924
2320925
2320926
2320927
2320928
2320929
2320930
2320931
2320932
2320955
2320956
2320957
2320958
2320959
2320960
2320961
2320962
2320963
2320964
2320965
2320966
2320967
2320968
2320969
2320970
2320971
2320972
2320973
2320974
2320975
2320976
2320977
2320978
2320979
2320980
2320981
2320982
2320983
2320984
2320985
2320986
2320987
2320988
2320989
2320990
2320991
2320992
2320993
2320994
2320995
2320996
2320997
2320998
2320999
2321000
2321001
2321002
2321003
2321004
2321005
2321006
2321007
2321008
2321009
2321010
2321011
2321012
2321013
2321014
2321015
2321016
2321017
2321018
2321019
2321020
2321021
2321022
2321023
2321024
2321025
2321026
2321027
2321028
2321029
2321030
2321031
2321032
2321033
2321034
2321035
2321036
2321037
2321038
2321039
2321040
2321041
2321042
2321043
2321044
2321045
2321046
2321047
2321048
2321049
2321050
2321051
2321052
2321053
2321054
2321055
2321056
2321057
2321058
2321059
2321060
2321061
2321062
2321063
2321064
2321065
2321066
2321067
2321068
2321069
2321070
2321071
2321072
2321073
2321074
2321075
2321076
2321077
2321078
2321079
2321080
2321081
2321082
2321083
2321084
2321085
2321086
2321087
2321088
2321089
2321090
2321091
2321092
2321093
2321115
2321116
2321117
2321118
2321119
2321120
2321121
2321122
2321123
2321124
2321125
2321143
2321144
2321145
2321146
2321147
2321148
2321149
2321150
2321151
2321152
2321153
2321154
2321155
2321156
2321157
2321158
2321159
2321160
2321161
2321162
2321163
2321164
2321165
2321166
2321167
2321168
2321169
2321170
2321171
2321172
2321173
2321174
2321175
2321176
2321177
2321178
2321179
2321180
2321181
2321182
2321183
2321184
2321185
2321186
2321187
2321188
2321189
2321190
2321191
2321192
2321193
2321194
2321195
2321196
2321197
2321198
2321199
2321200
2321201
2321202
2321203
2321204
2321205
2321206
2321207
2321208
2321209
2321210
2321211
2321212
2321213
2321214
2321215
2321216
2321217
2321218
2321219
2321220
2321221
2321222
2321223
2321224
2321225
2321226
2321227
2321228
2321229
2321230
2321231
2321232
2321233
2321234
2321235
2321236
2321237
2321238
2321239
2321240
2321241
2321242
2321243
2321244
2321245
2321246
2321247
2321248
2321249
2321250
2321251
2321252
2321253
2321254
2321255
2321256
2321257
2321258
2321259
2321260
2321261
2321262
2321263
2321264
2321265
2321266
2321267
2321268
2321269
2321270
2321271
2321272
2321273
2321274
2321275
2321276
2321277
2321278
2321279
2321280
2321288
2321289
2321290
2321291
2321300
2321301
2321302
2321303
2321304
2321305
2321318
2321319
2321320
2321321
2321322
2321323
2321332
2321333
2321334
2321335
2321336
2321337
2321338
2321339
2321340
2321341
2321342
2321343
2321344
2321345
2321346
2321347
2321348
2321349
2321350
2321351
2321352
2321353
2321354
2321355
2321356
2321357
2321358
2321359
2321360
2321361
2321362
2321363
2321364
2321365
2321366
2321367
2321368
2321369
2321370
2321371
2321372
2321373
2321374
2321375
2321376
2321377
2321378
2321379
2321380
2321381
2321382
2321383
2321384
2321385
2321386
2321387
2321388
2321389
2321390
2321391
2321392
2321393
2321394
2321395
2321396
2321397
2321398
2321399
2321400
2321401
2321402
2321403
2321404
2321405
2321406
2321407
2321408
2321409
2321410
2321411
2321412
2321413
2321414
2321415
2321416
2321417
2321418
2321419
2321420
2321421
2321422
2321423
2321424
2321425
2321426
2321427
2321428
2321429
2321430
2321431
2321432
2321433
2321434
2321435
2321436
2321437
2321438
2321439
2321440
2321441
2321442
2321443
2321444
2321445
2321446
2321447
2321448
2321449
2321450
2321451
2321452
2321453
2321454
2321455
2321456
2321457
2321458
2321459
2321460
2321461
2321462
2321463
2321471
2321472
2321473
2321474
2321475
2321476
2321477
2321478
2321479
2321480
2321503
2321504
2321505
2321506
2321507
2321508
2321509
2321510
2321511
2321512
2321513
2321514
2321515
2321516
2321517
2321518
2321519
2321520
2321521
2321522
2321523
2321524
2321525
2321526
2321527
2321528
2321529
2321530
2321531
2321532
2321533
2321534
2321535
2321536
2321537
2321538
2321539
2321540
2321541
2321542
2321543
2321544
2321545
2321546
2321547
2321548
2321549
2321550
2321551
2321552
2321553
2321554
2321555
2321556
2321557
2321558
2321559
2321560
2321561
2321562
2321563
2321564
2321565
2321566
2321567
2321568
2321569
2321570
2321571
2321572
2321573
2321574
2321575
2321576
2321577
2321578
2321579
2321580
2321581
2321582
2321583
2321584
2321585
2321586
2321587
2321588
2321589
2321590
2321591
2321592
2321593
2321594
2321595
2321596
2321597
2321598
2321599
2321600
2321601
2321602
2321603
2321604
2321605
2321606
2321607
2321608
2321609
2321610
2321611
2321612
2321613
2321614
2321615
2321616
2321617
2321618
2321619
2321620
2321621
2321622
2321623
2321624
2321625
2321626
2321627
2321628
2321629
2321630
2321631
2321632
2321633
2321634
2321635
2321636
2321637
2321638
2321639
2321640
2321641
2321663
2321664
2321665
2321666
2321667
2321668
2321669
2321670
2321671
2321672
2321673
2321695
2321696
2321697
2321698
2321699
2321700
2321701
2321702
2321703
2321704
2321705
2321706
2321707
2321708
2321709
2321710
2321711
2321712
2321713
2321714
2321715
2321716
2321717
2321718
2321719
2321720
2321721
2321722
2321723
2321724
2321725
2321726
2321727
2321728
2321729
2321730
2321731
2321732
2321733
2321734
2321735
2321736
2321737
2321738
2321739
2321740
2321741
2321742
2321743
2321744
2321745
2321746
2321747
2321748
2321749
2321750
2321751
2321752
2321753
2321754
2321755
2321756
2321757
2321758
2321759
2321760
2321761
2321762
2321763
2321764
2321765
2321766
2321767
2321768
2321769
2321770
2321771
2321772
2321773
2321774
2321775
2321776
2321777
2321778
2321779
2321780
2321781
2321782
2321783
2321784
2321785
2321786
2321787
2321788
2321789
2321790
2321791
2321792
2321793
2321794
2321795
2321796
2321797
2321798
2321799
2321800
2321801
2321802
2321803
2321804
2321805
2321806
2321807
2321808
2321809
2321810
2321811
2321812
2321813
2321814
2321815
2321816
2321817
2321818
2321841
2321842
2321843
2321844
2321845
2321846
2321847
2321848
2321849
2321850
2321851
2321852
2321853
2321854
2321855
2321856
2321857
2321858
2321859
2321860
2321861
2321862
2321863
2321864
2321865
2321866
2321867
2321868
2321869
2321870
2321871
2321872
2321873
2321874
2321875
2321876
2321877
2321878
2321879
2321880
2321881
2321882
2321883
2321884
2321885
2321886
2321887
2321888
2321889
2321890
2321891
2321892
2321893
2321894
2321895
2321896
2321897
2321898
2321899
2321900
2321901
2321902
2321903
2321904
2321905
2321906
2321907
2321908
2321909
2321910
2321911
2321912
2321913
2321914
2321915
2321916
2321917
2321918
2321919
2321920
2321921
2321922
2321923
2321924
2321925
2321926
2321927
2321928
2321929
2321930
2321931
2321932
2321933
2321934
2321935
2321947
2321948
2321949
2321986
2321987
2321988
2321989
2321990
2321991
2321992
2321993
2321994
2321995
2321996
2322004
2322005
2322006
2322007
2322008
2322009
2322010
2322011
2322020
2322021
2322029
2322030
2322031
2322032
2322033
2322034
2322035
2322036
2322037
2322038
2322068
2322069
2322070
2322071
2322072
2322073
2322074
2322075
2322076
2322077
2322078
2322329
2322330
2322331
2322332
2322333
2322334
2322335
2322336
2322351
2322352
2322359
2322360
2322361
2322362
2322363
2322364
2322365
2322366
2322393
2322394
2322395
2322396
2322397
2322412
2322413
2322414
2322415
2322416
2322417
2322418
2322419
2322434
2322435
2322436
2322437
2322438
2322453
2322454
2322467
2322468
2322469
2322470
2322471
2322472
2322473
2322474
2322495
2322496
2322497
2322498
2322499
2322500
2322501
2322502
2322517
2322518
2322916
2322917
2322918
2322919
2322925
2322931
2322936
2322937
2322938
2322941
2322942
2322943
2322944
2322945
2322946
2322947
2322948
2322949
2322950
2322952
2322953
2322954
2322955
2322956
2322957
2322958
2322960
2322961
2322962
2322963
2322964
2322965
2322966
2322968
2322969
2322970
2322971
2322972
2322973
2322974
2322978
2322979
2322980
2322981
2322982
2322983
2322984
2322985
2322990
2322991
2322992
2322998
2323004
2323010
2323016
2323021
2323022
2323023
2323028
2323029
2323030
2323031
2323034
2323035
2323036
2323039
2323040
2323041
2323042
2323043
2323044
2323045
2323046
2323047
2323048
2323050
2323051
2323052
2323053
2323054
2323055
2323056
2323058
2323059
2323060
2323061
2323062
2323063
2323064
2323066
2323067
2323068
2323069
2323070
2323071
2323072
2323074
2323075
2323076
2323081
2323087
2323093
2323098
2323101
2323102
2323103
2323140
2323143
2323148
2323150
2323155
2323157
2323162
2323166
2323249
2323252
2323253
2323254
2323259
2323262
2323263
2323266
2323272
2323275
2323281
2323282
2323283
2323284
2323289
2323292
2323297
2323300
2323301
2323304
2323310
2323311
2323312
2323315
2323405
2323411
2323425
2323427
2323439
2323441
2323455
2323463
2323616
2323619
2323621
2323624
2323626
2323629
2323631
2323634
2323636
2323639
2323640
2323643
2323646
2323647
2323651
2323652
2323656
2323657
2323661
2323662
2323664
2323667
2323668
2323671
2323673
2323676
2323678
2323681
2323683
2323686
2323688
2323691
2323693
2323696
2323698
2323701
2323703
2323706
2323708
2323711
2323712
2323715
2323716
2323719
2323722
2323723
2323727
2323728
2323732
2323733
2323737
2323738
2323740
2323743
2323745
2323748
2323750
2323753
2323755
2323758
2323760
2323763
2323764
2323767
2323915
2323916
2323917
2323918
2323919
2323920
2323927
2323929
2323930
2323931
2323938
2323940
2323944
2323945
2323946
2323947
2323950
2323951
2323952
2323953
2323957
2323958
2323959
2323960
2323962
2323963
2323970
2323972
2323973
2323974
2323981
2323983
2323984
2323985
2323992
2323994
2323995
2323996
2324003
2324005
2324009
2324010
2324011
2324012
2324016
2324017
2324018
2324019
2324022
2324023
2324024
2324025
2324027
2324028
2324035
2324037
2324038
2324039
2324046
2324048
2324051
2324052
2324053
2324054
2324112
2324116
2324121
2324124
2324127
2324130
2324132
2324136
2324140
2324144
2324149
2324152
2324155
2324158
2324160
2324164
2324424
2324428
2324432
2324434
2324437
2324442
2324445
2324449
2324452
2324455
2324457
2324459
2324461
2324464
2324469
2324474
2324477
2324480
2324482
2324485
2324552
2324555
2324556
2324559
2324560
2324563
2324564
2324567
2324568
2324571
2324572
2324575
2324576
2324579
2324580
2324583
2324584
2324587
2324588
2324591
2324592
2324595
2324596
2324599
2324600
2324603
2324604
2324607
2324608
2324611
2324612
2324615
2324680
2324682
2324685
2324687
2324688
2324690
2324693
2324695
2324696
2324698
2324701
2324703
2324704
2324706
2324709
2324711
2324712
2324714
2324717
2324719
2324720
2324722
2324725
2324727
2324728
2324730
2324733
2324735
2324736
2324738
2324741
2324743
2324893
2324894
2324895
2324897
2324902
2324910
2324919
2324920
2324921
2324923
2324929
2324930
2324931
2324933
2324939
2324940
2324941
2324943
2324948
2324956
2324964
2324972
2324981
2324982
2324983
2324985
2324991
2324992
2324993
2324995
2325001
2325002
2325003
2325005
2325010
2325018
2325027
2325028
2325029
2325031
2325275
2325276
2325277
2325278
2325281
2325282
2325283
2325284
2325285
2325286
2325287
2325288
2325289
2325290
2325291
2325292
2325293
2325294
2325295
2325296
2325297
2325298
2325299
2325300
2325301
2325302
2325303
2325304
2325305
2325306
2325307
2325308
2325309
2325310
2325311
2325312
2325313
2325314
2325321
2325322
2325323
2325324
2325325
2325326
2325327
2325328
2325331
2325332
2325333
2325336
2325337
2325338
2325339
2325340
2325341
2325342
2325343
2325344
2325345
2325346
2325347
2325348
2325349
2325350
2325351
2325352
2325353
2325354
2325355
2325356
2325357
2325358
2325359
2325360
2325361
2325362
2325363
2325364
2325365
2325366
2325367
2325368
2325369
2325370
2325371
2325372
2325373
2325374
2325375
2325376
2325377
2325378
2325379
2325380
2325381
2325382
2325383
2325384
2325385
2325386
2325387
2325388
2325389
2325392
2325393
2325394
2325395
2325396
2325397
2325398
2325399
2325400
2325401
2325402
2325409
2325410
2325411
2325412
2325415
2325416
2325417
2325418
2325419
2325420
2325421
2325422
2325423
2325424
2325425
2325426
2325427
2325428
2325429
2325430
2325431
2325432
2325433
2325434
2325435
2325436
2325437
2325438
2325439
2325440
2325441
2325442
2325445
2325446
2325447
2325448
2325449
2325450
2325451
2325478
2325481
2325484
2325487
2325490
2325493
2325496
2325499
2325548
2325549
2325550
2325551
2325552
2325553
2325554
2325555
2325556
2325557
2325558
2325559
2325560
2325561
2325562
2325563
2325564
2325565
2325566
2325567
2325568
2325569
2325570
2325571
2325572
2325573
2325574
2325575
2325576
2325577
2325578
2325579
2325580
2325581
2325582
2325583
2325584
2325585
2325586
2325587
2325588
2325589
2325590
2325591
2325592
2325593
2325594
2325595
2325629
2325631
2325633
2325635
2325637
2325639
2325641
2325643
2325645
2325647
2325649
2325651
2325653
2325655
2325657
2325659
2325676
2325678
2325680
2325682
2325684
2325686
2325688
2325690
2325716
2325717
2325718
2325719
2325720
2325721
2325722
2325723
2325724
2325725
2325726
2325727
2325728
2325729
2325730
2325731
2325732
2325733
2325734
2325735
2325736
2325737
2325738
2325739
2326032
2326033
2326036
2326037
2326040
2326041
2326044
2326045
2326056
2326057
2326060
2326061
2326064
2326065
2326068
2326069
2077627
2077628
2077629
2077630
2077631
2077632
2077633
2077634
2077635
2077636
2077637
2077642
2077643
2077648
2077649
2077650
2077651
2077652
2077653
2077654
2077655
2077656
2077658
2077663
2077664
2077669
2077670
2077671
2077672
2077673
2077674
2077675
2077676
2077677
2077679
2077680
2077681
2077682
2077683
2077684
2077685
2077686
2077687
2077688
2077697
2077700
2077701
2077702
2077703
2077704
2077706
2077707
2077708
2077709
2077710
2077711
2077712
2077713
2077714
2077715
2077716
2077717
2077718
2077719
2077720
2077721
2077722
2077723
2077724
2077725
2077726
2077727
2077728
2077729
2077730
2077731
2077732
2077733
2077734
2077735
2077736
2077737
2077738
2077739
2077740
2077741
2077742
2077743
2077744
2077745
2077746
2077747
2077748
2077749
2077750
2077751
2077752
2077753
2077754
2077755
2077756
2077757
2077758
2077759
2077760
2077761
2077762
2077763
2077764
2077765
2077766
2077767
2077768
2077769
2077770
2077771
2077772
2077773
2077774
2077775
2077776
2077777
2077778
2077779
2077780
2077781
2077782
2077783
2077784
2077785
2077786
2077787
2077788
2077790
2077791
2077792
2077793
2077794
2077795
2077796
2077797
2077798
2077799
2077808
2077809
2077810
2077811
2077814
2077816
2077817
2077818
2077820
2077821
2077822
2077823
2077824
2077825
2077826
2077827
2077828
2077829
2077830
2077831
2077832
2077833
2077834
2077835
2077836
2077837
2077838
2077839
2077840
2077841
2077842
2077843
2077844
2077845
2077846
2077847
2077848
2077849
2077850
2077851
2077852
2077853
2077854
2077855
2077856
2077857
2077858
2077859
2077860
2077861
2077862
2077863
2077864
2077865
2077866
2077867
2077868
2077869
2077870
2077871
2077872
2077873
2077874
2077875
2077876
2077877
2077878
2077879
2077880
2077881
2077882
2077883
2077884
2077885
2077886
2077887
2077888
2077889
2077890
2077891
2077892
2077893
2077894
2077895
2077896
2077897
2077898
2077899
2077900
2077901
2077902
2077903
2077904
2077905
2077906
2077907
2077908
2077909
2077910
2077911
2077912
2077913
2077914
2077915
2077916
2077917
2077918
2077919
2077920
2077921
2077922
2077923
2077924
2077925
2077926
2077927
2077928
2077929
2077930
2077931
2077932
2077933
2077934
2077936
2077937
2077938
2077939
2077940
2077941
2077942
2077943
2077944
2077945
2077948
2077949
2077950
2077951
2077952
2077953
2077954
2077955
2077956
2077957
2077958
2077959
2077960
2077961
2077962
2077963
2077964
2077965
2077966
2077967
2077968
2077969
2077970
2077971
2077972
2077973
2077974
2077975
2077976
2077977
2077978
2077979
2077980
2077981
2077982
2077983
2077984
2077985
2077986
2077987
2077988
2077989
2077990
2077991
2077992
2077993
2077994
2077995
2077996
2077997
2077998
2077999
2078000
2078001
2078002
2078003
2078004
2078005
2078006
2078007
2078008
2078009
2078010
2078011
2078012
2078013
2078014
2078015
2078016
2078017
2078018
2078019
2078020
2078021
2078022
2078023
2078024
2078025
2078026
2078027
2078028
2078029
2078030
2078031
2078032
2078033
2078034
2078035
2078036
2078037
2078038
2078039
2078040
2078041
2078042
2078043
2078044
2078045
2078046
2078047
2078048
2078049
2078050
2078051
2078052
2078053
2078054
2078055
2078056
2078057
2078058
2078059
2078060
2078061
2078062
2078063
2078064
2078065
2078066
2078067
2078068
2078069
2078070
2078071
2078072
2078073
2078074
2078075
2078076
2078077
2078078
2078079
2078080
2078081
2078082
2078083
2078084
2078085
2078087
2078088
2078089
2078090
2078091
2078092
2078093
2078094
2078095
2078096
2078101
2078102
2078103
2078104
2078105
2078110
2078111
2078112
2078113
2078114
2078115
2078116
2078117
2078118
2078119
2078120
2078121
2078122
2078123
2078124
2078125
2078126
2078127
2078128
2078129
2078130
2078131
2078132
2078133
2078134
2078135
2078136
2078137
2078138
2078139
2078140
2078141
2078142
2078143
2078144
2078145
2078146
2078147
2078148
2078149
2078150
2078151
2078152
2078153
2078154
2078155
2078156
2078157
2078158
2078159
2078160
2078161
2078162
2078163
2078164
2078165
2078166
2078167
2078168
2078169
2078170
2078171
2078172
2078173
2078174
2078175
2078176
2078177
2078178
2078179
2078180
2078181
2078182
2078183
2078184
2078185
2078186
2078187
2078188
2078189
2078190
2078191
2078192
2078193
2078194
2078195
2078196
2078197
2078198
2078199
2078200
2078201
2078202
2078203
2078204
2078205
2078206
2078207
2078208
2078209
2078210
2078211
2078212
2078213
2078214
2078215
2078216
2078217
2078218
2078219
2078220
2078221
2078222
2078223
2078224
2078225
2078226
2078227
2078228
2078229
2078230
2078231
2078232
2078233
2078234
2078235
2078236
2078237
2078238
2078239
2078240
2078241
2078242
2078247
2078248
2078249
2078250
2078251
2078252
2078257
2078258
2078259
2078260
2078261
2078266
2078268
2078270
2078274
2078275
2078276
2078277
2078278
2078283
2078284
2078285
2078286
2078287
2078288
2078289
2078290
2078291
2078292
2078293
2078294
2078295
2078296
2078297
2078298
2078299
2078300
2078301
2078302
2078303
2078304
2078305
2078306
2078307
2078308
2078309
2078310
2078311
2078312
2078313
2078314
2078315
2078316
2078317
2078318
2078319
2078320
2078321
2078322
2078323
2078324
2078325
2078326
2078327
2078328
2078329
2078330
2078331
2078332
2078333
2078334
2078335
2078336
2078337
2078338
2078339
2078340
2078341
2078342
2078343
2078344
2078345
2078346
2078347
2078348
2078349
2078350
2078351
2078352
2078353
2078354
2078355
2078356
2078357
2078358
2078359
2078360
2078361
2078362
2078363
2078364
2078365
2078366
2078367
2078368
2078369
2078370
2078371
2078372
2078373
2078374
2078375
2078376
2078377
2078378
2078379
2078380
2078381
2078382
2078383
2078384
2078385
2078386
2078387
2078388
2078389
2078390
2078391
2078392
2078393
2078394
2078395
2078396
2078397
2078398
2078399
2078400
2078401
2078402
2078403
2078404
2078405
2078406
2078407
2078408
2078409
2078410
2078411
2078412
2078413
2078414
2078415
2078419
2078420
2078421
2078422
2078423
2078425
2078429
2078430
2078431
2078432
2078433
2078438
2078440
2078441
2078442
2078443
2078444
2078445
2078446
2078447
2078448
2078449
2078450
2078451
2078452
2078453
2078454
2078455
2078456
2078457
2078458
2078459
2078460
2078461
2078462
2078463
2078464
2078465
2078466
2078467
2078468
2078469
2078470
2078471
2078472
2078473
2078474
2078475
2078476
2078477
2078478
2078479
2078480
2078481
2078482
2078483
2078484
2078485
2078486
2078487
2078488
2078489
2078490
2078491
2078492
2078493
2078494
2078495
2078496
2078497
2078498
2078499
2078500
2078501
2078502
2078503
2078504
2078505
2078506
2078507
2078508
2078509
2078510
2078511
2078512
2078513
2078514
2078515
2078516
2078517
2078518
2078519
2078520
2078521
2078522
2078523
2078524
2078525
2078526
2078527
2078528
2078529
2078530
2078531
2078532
2078533
2078534
2078535
2078536
2078537
2078538
2078539
2078540
2078541
2078542
2078543
2078544
2078545
2078546
2078547
2078548
2078549
2078550
2078551
2078552
2078553
2078554
2078555
2078556
2078557
2078558
2078559
2078560
2078561
2078562
2078563
2078564
2078565
2078566
2078567
2078568
2078569
2078570
2078571
2078572
2078573
2078574
2078575
2078578
2078579
2078580
2078581
2078582
2078583
2078584
2078585
2078586
2078587
2078588
2078589
2078590
2078591
2078592
2078593
2078594
2078595
2078596
2078598
2078599
2078600
2078601
2078602
2078603
2078604
2078605
2078606
2078607
2078608
2078609
2078610
2078611
2078612
2078613
2078614
2078615
2078616
2078617
2078618
2078619
2078620
2078621
2078622
2078623
2078624
2078625
2078626
2078627
2078628
2078629
2078630
2078631
2078632
2078633
2078634
2078635
2078636
2078637
2078638
2078639
2078640
2078641
2078642
2078643
2078644
2078645
2078646
2078647
2078648
2078649
2078650
2078651
2078652
2078653
2078654
2078655
2078656
2078657
2078658
2078659
2078660
2078661
2078662
2078663
2078664
2078665
2078666
2078667
2078668
2078669
2078670
2078671
2078672
2078673
2078674
2078675
2078676
2078677
2078678
2078679
2078680
2078681
2078682
2078683
2078684
2078685
2078686
2078687
2078688
2078689
2078690
2078691
2078692
2078693
2078694
2078695
2078696
2078697
2078698
2078699
2078701
2078702
2078703
2078704
2078705
2078706
2078707
2078708
2078709
2078710
2078711
2078712
2078713
2078715
2078716
2078718
2078719
2078728
2078729
2078730
2078731
2078734
2078735
2078736
2078737
2078738
2078739
2078740
2078741
2078742
2078743
2078745
2078746
2078747
2078748
2078749
2078750
2078751
2078752
2078753
2078754
2078755
2078756
2078757
2078758
2078759
2078760
2078761
2078762
2078763
2078764
2078765
2078766
2078767
2078768
2078769
2078770
2078771
2078772
2078773
2078774
2078775
2078776
2078777
2078778
2078779
2078780
2078781
2078782
2078783
2078784
2078785
2078786
2078787
2078788
2078789
2078790
2078791
2078792
2078793
2078794
2078795
2078796
2078797
2078798
2078799
2078800
2078801
2078802
2078803
2078804
2078805
2078806
2078807
2078808
2078809
2078810
2078811
2078812
2078813
2078814
2078816
2078817
2078818
2078819
2078820
2078821
2078822
2078823
2078824
2078825
2078826
2078827
2078828
2078830
2078831
2078842
2078843
2078844
2078847
2078850
2078853
2078854
2078856
2078857
2078858
2078859
2078860
2078861
2078862
2078863
2078868
2078869
2078870
2078871
2078872
2078873
2078874
2078875
2078876
2078877
2078882
2078884
2078891
2078892
2078893
2078894
2078895
2078896
2078897
2078898
2078899
2078901
2078905
2078906
2078913
2078914
2078915
2078916
2078917
2078918
2078919
2078920
2078922
2078923
)


// ************************************************************************* //
